Time	Lead II
0	0
0.01	0
0.02	0
0.03	0
0.04	0
0.05	0
0.06	0
0.07	0
0.08	0
0.09	0
0.1	0
0.11	0
0.12	0
0.13	0
0.14	0
0.15	0
0.16	0
0.17	0
0.18	0
0.19	0
0.2	0
0.21	0
0.22	0
0.23	0
0.24	0
0.25	0
0.26	0
0.27	0
0.28	0
0.29	0
0.3	0
0.31	0
0.32	0
0.33	0
0.34	0
0.35	0
0.36	0
0.37	0
0.38	0
0.39	0
0.4	0
0.41	0
0.42	0
0.43	0
0.44	0
0.45	0
0.46	0
0.47	0
0.48	0
0.49	0
0.5	0
0.51	0
0.52	0
0.53	0
0.54	0
0.55	0
0.56	0
0.57	0
0.58	0
0.59	0
0.6	0
0.61	0
0.62	0
0.63	0
0.64	0
0.65	0
0.66	0
0.67	0
0.68	0
0.69	0
0.7	0
0.71	0
0.72	0
0.73	0
0.74	0
0.75	0
0.76	0
0.77	0
0.78	0
0.79	0
0.8	0
0.81	0
0.82	0
0.83	0
0.84	0
0.85	0
0.86	0
0.87	0
0.88	0
0.89	0
0.9	0
0.91	0
0.92	0
0.93	0
0.94	0
0.95	0
0.96	0
0.97	0
0.98	0
0.99	0
1	0
1.01	0
1.02	0
1.03	0
1.04	0
1.05	0
1.06	0
1.07	0
1.08	0
1.09	0
1.1	0
1.11	0
1.12	0
1.13	0
1.14	0
1.15	0
1.16	0
1.17	0
1.18	0
1.19	0
1.2	0
1.21	0
1.22	0
1.23	0
1.24	0
1.25	0
1.26	0
1.27	0
1.28	0
1.29	0
1.3	0
1.31	0
1.32	0
1.33	0
1.34	0
1.35	0
1.36	0
1.37	0
1.38	0
1.39	0
1.4	0
1.41	0
1.42	0
1.43	0
1.44	0
1.45	0
1.46	0
1.47	0
1.48	0
1.49	0
1.5	0
1.51	0
1.52	0
1.53	0
1.54	0
1.55	0
1.56	0
1.57	0
1.58	0
1.59	0
1.6	0
1.61	0
1.62	0
1.63	0
1.64	0
1.65	0
1.66	0
1.67	0
1.68	0
1.69	0
1.7	0
1.71	0
1.72	0
1.73	0
1.74	0
1.75	0
1.76	0
1.77	0
1.78	0
1.79	0
1.8	0
1.81	0
1.82	0
1.83	0
1.84	0
1.85	0
1.86	0
1.87	0
1.88	0
1.89	0
1.9	0
1.91	0
1.92	0
1.93	0
1.94	0
1.95	0
1.96	0
1.97	0
1.98	0
1.99	0
2	-0.041936
2.01	-0.59878
2.02	-1.33304
2.03	-1.81387
2.04	-1.93034
2.05	-1.91893
2.06	-1.91477
2.07	-1.89494
2.08	-1.90999
2.09	-1.81047
2.1	-1.78407
2.11	-1.74834
2.12	-1.3274
2.13	-0.847212
2.14	-0.673395
2.15	-0.865333
2.16	-0.959204
2.17	-0.897226
2.18	-1.09156
2.19	-1.1203
2.2	-1.00762
2.21	-0.918597
2.22	-0.794572
2.23	-0.835628
2.24	-0.881228
2.25	-0.857704
2.26	-0.801469
2.27	-0.758862
2.28	-0.901207
2.29	-0.967496
2.3	-0.934605
2.31	-0.848091
2.32	-0.798491
2.33	-0.817598
2.34	-0.842645
2.35	-0.851632
2.36	-0.674149
2.37	-0.485348
2.38	-0.580614
2.39	-0.47954
2.4	-0.349385
2.41	-0.418199
2.42	-0.363152
2.43	-0.240408
2.44	-0.0890087
2.45	-0.162713
2.46	-0.12171
2.47	-0.0341907
2.48	-0.0804547
2.49	0.0230243
2.5	0.155798
2.51	0.255078
2.52	0.362618
2.53	0.447801
2.54	0.526921
2.55	0.702108
2.56	1.30168
2.57	1.84425
2.58	1.67207
2.59	1.28534
2.6	1.13804
2.61	1.12361
2.62	1.0635
2.63	0.891395
2.64	0.875047
2.65	0.896216
2.66	0.86139
2.67	0.881344
2.68	0.804773
2.69	0.807921
2.7	0.837784
2.71	0.730323
2.72	0.570302
2.73	0.439337
2.74	0.400423
2.75	0.342419
2.76	0.309343
2.77	0.35727
2.78	0.386719
2.79	0.375246
2.8	0.314421
2.81	0.358251
2.82	0.406205
2.83	0.313613
2.84	0.210409
2.85	0.0755041
2.86	0.125312
2.87	0.193228
2.88	0.143354
2.89	0.03146
2.9	-0.165785
2.91	-0.30622
2.92	-0.226257
2.93	-0.264077
2.94	-0.168383
2.95	-0.128071
2.96	-0.219409
2.97	-0.229483
2.98	-0.0667805
2.99	0.361975
3	0.344849
3.01	-0.0911735
3.02	-0.506524
3.03	-0.860548
3.04	-0.929908
3.05	-0.954438
3.06	-0.987693
3.07	-0.961283
3.08	-1.02948
3.09	-0.946923
3.1	-0.778389
3.11	-0.669678
3.12	-0.556054
3.13	-0.398954
3.14	-0.247034
3.15	-0.13881
3.16	-0.0922816
3.17	-0.00852491
3.18	0.0998012
3.19	0.131622
3.2	0.10357
3.21	0.197519
3.22	0.352991
3.23	0.405297
3.24	0.490595
3.25	0.528293
3.26	0.54001
3.27	0.597743
3.28	0.669243
3.29	0.75304
3.3	0.675414
3.31	0.628037
3.32	0.633146
3.33	0.560488
3.34	0.650348
3.35	0.470365
3.36	0.172296
3.37	0.167184
3.38	0.19894
3.39	0.187119
3.4	0.183189
3.41	0.401951
3.42	0.827527
3.43	0.896738
3.44	0.702534
3.45	0.461043
3.46	0.296721
3.47	0.223699
3.48	0.227482
3.49	0.304798
3.5	0.272688
3.51	0.187745
3.52	0.141196
3.53	0.0586059
3.54	0.0498031
3.55	-0.0711128
3.56	-0.234589
3.57	-0.18841
3.58	-0.277335
3.59	-0.358168
3.6	-0.39388
3.61	-0.361726
3.62	-0.255091
3.63	-0.182088
3.64	-0.123277
3.65	-0.0894665
3.66	0.0190872
3.67	0.0941797
3.68	0.0125568
3.69	0.0758134
3.7	0.131069
3.71	0.151157
3.72	0.285911
3.73	0.30842
3.74	0.26004
3.75	0.161118
3.76	0.0851847
3.77	0.0973617
3.78	0.017413
3.79	0.0126452
3.8	0.0404113
3.81	-0.0283391
3.82	-0.0155021
3.83	0.160908
3.84	0.710668
3.85	0.930548
3.86	0.579346
3.87	0.210923
3.88	0.00198544
3.89	-0.122922
3.9	-0.24849
3.91	-0.239217
3.92	-0.128279
3.93	-0.17464
3.94	-0.198279
3.95	-0.220443
3.96	-0.288891
3.97	-0.293255
3.98	-0.202599
3.99	-0.128321
4	-0.181243
4.01	-0.141368
4.02	-0.0971619
4.03	-0.133578
4.04	-0.00822412
4.05	0.0976961
4.06	0.0925233
4.07	0.0751708
4.08	0.0893631
4.09	0.145974
4.1	0.138917
4.11	0.148476
4.12	0.192016
4.13	0.18082
4.14	0.259911
4.15	0.244
4.16	0.167197
4.17	0.207101
4.18	0.0820425
4.19	-0.0225349
4.2	-0.0207541
4.21	-0.019682
4.22	-0.0470914
4.23	-0.167091
4.24	-0.172359
4.25	0.00882265
4.26	0.456975
4.27	0.797131
4.28	0.513529
4.29	0.0248164
4.3	-0.29218
4.31	-0.380938
4.32	-0.390205
4.33	-0.408362
4.34	-0.340694
4.35	-0.383726
4.36	-0.446178
4.37	-0.402516
4.38	-0.394504
4.39	-0.420673
4.4	-0.458862
4.41	-0.483681
4.42	-0.412256
4.43	-0.452497
4.44	-0.446402
4.45	-0.431497
4.46	-0.368697
4.47	-0.327872
4.48	-0.403078
4.49	-0.267226
4.5	-0.13701
4.51	-0.154312
4.52	-0.0914004
4.53	0.026129
4.54	0.111952
4.55	0.046439
4.56	0.1043
4.57	0.30526
4.58	0.25611
4.59	0.175881
4.6	0.104828
4.61	0.0689282
4.62	0.0684258
4.63	-0.000865446
4.64	0.0828697
4.65	0.0326814
4.66	0.0581976
4.67	0.503839
4.68	0.992166
4.69	0.991439
4.7	0.616509
4.71	0.27394
4.72	0.135881
4.73	0.0679791
4.74	0.133955
4.75	0.165348
4.76	0.114105
4.77	0.0731603
4.78	-0.0274954
4.79	-0.00155932
4.8	0.0640756
4.81	0.041239
4.82	-0.0116675
4.83	-0.128058
4.84	-0.125935
4.85	-0.0861253
4.86	-0.0974098
4.87	-0.1707
4.88	-0.248691
4.89	-0.164436
4.9	-0.0727414
4.91	-0.0948378
4.92	-0.102297
4.93	-0.0473168
4.94	0.0108643
4.95	0.0312164
4.96	0.0945971
4.97	0.110522
4.98	0.0279272
4.99	0.0829666
5	0.116537
5.01	0.0659424
5.02	-0.0157904
5.03	-0.107603
5.04	-0.0696916
5.05	-0.060762
5.06	-0.108367
5.07	-0.105446
5.08	0.07333
5.09	0.633548
5.1	0.890589
5.11	0.570929
5.12	0.163231
5.13	-0.0622133
5.14	-0.111953
5.15	-0.160444
5.16	-0.171083
5.17	-0.0730389
5.18	-0.0871418
5.19	-0.147234
5.2	-0.139285
5.21	-0.0530469
5.22	-0.0400103
5.23	-0.130071
5.24	-0.115002
5.25	-0.0458756
5.26	-0.0447677
5.27	-0.0477662
5.28	-0.0612424
5.29	0.00200286
5.3	-0.00508935
5.31	-0.0330884
5.32	-0.0051877
5.33	0.0760708
5.34	0.218728
5.35	0.301688
5.36	0.311696
5.37	0.279723
5.38	0.278764
5.39	0.364735
5.4	0.314552
5.41	0.24987
5.42	0.221966
5.43	0.112561
5.44	0.055787
5.45	-0.00820805
5.46	-0.108425
5.47	-0.167699
5.48	-0.175605
5.49	0.158912
5.5	0.662453
5.51	0.715154
5.52	0.329948
5.53	0.00230159
5.54	-0.0692624
5.55	-0.1501
5.56	-0.216808
5.57	-0.188811
5.58	-0.239135
5.59	-0.176893
5.6	-0.151525
5.61	-0.173139
5.62	-0.171745
5.63	-0.193383
5.64	-0.188291
5.65	-0.219791
5.66	-0.265209
5.67	-0.284095
5.68	-0.258238
5.69	-0.236195
5.7	-0.258572
5.71	-0.223305
5.72	-0.0773873
5.73	-0.0333736
5.74	0.0207104
5.75	0.0535712
5.76	0.121559
5.77	0.180988
5.78	0.187493
5.79	0.291763
5.8	0.306429
5.81	0.246092
5.82	0.211403
5.83	0.141924
5.84	0.0403943
5.85	-0.0596799
5.86	-0.0587314
5.87	0.00627397
5.88	-0.080774
5.89	0.00960559
5.9	0.394643
5.91	0.779912
5.92	0.663453
5.93	0.260396
5.94	0.0413736
5.95	-0.147335
5.96	-0.262132
5.97	-0.223784
5.98	-0.238689
5.99	-0.238985
6	-0.289014
6.01	-0.269154
6.02	-0.179566
6.03	-0.192069
6.04	-0.183249
6.05	-0.201467
6.06	-0.221442
6.07	-0.193684
6.08	-0.177405
6.09	-0.153492
6.1	-0.192693
6.11	-0.167772
6.12	-0.0672067
6.13	-0.051038
6.14	0.0237097
6.15	0.0445839
6.16	0.101509
6.17	0.169377
6.18	0.170274
6.19	0.267247
6.2	0.317741
6.21	0.307388
6.22	0.268871
6.23	0.161713
6.24	0.124221
6.25	0.0431389
6.26	-0.0324526
6.27	-0.0194143
6.28	-0.149296
6.29	-0.157099
6.3	0.0159641
6.31	0.480286
6.32	0.843746
6.33	0.636603
6.34	0.290777
6.35	-0.0347018
6.36	-0.22776
6.37	-0.258662
6.38	-0.202018
6.39	-0.122132
6.4	-0.179599
6.41	-0.24086
6.42	-0.254979
6.43	-0.231149
6.44	-0.189465
6.45	-0.241291
6.46	-0.290332
6.47	-0.290346
6.48	-0.32137
6.49	-0.299166
6.5	-0.319489
6.51	-0.280667
6.52	-0.164084
6.53	-0.147484
6.54	-0.0950426
6.55	-0.0175484
6.56	0.0161592
6.57	0.0361338
6.58	0.048718
6.59	0.140265
6.6	0.17013
6.61	0.182895
6.62	0.177147
6.63	0.136839
6.64	0.111744
6.65	-0.00902162
6.66	-0.0751524
6.67	-0.0983895
6.68	-0.124137
6.69	-0.104606
6.7	-0.142628
6.71	0.0907663
6.72	0.627438
6.73	0.817563
6.74	0.543221
6.75	0.170706
6.76	-0.0604775
6.77	-0.112732
6.78	-0.129815
6.79	-0.0682422
6.8	-0.0746829
6.81	-0.0762989
6.82	-0.0674609
6.83	-0.0697991
6.84	0.00328265
6.85	-0.0367354
6.86	-0.0525398
6.87	-0.0571241
6.88	-0.0905175
6.89	-0.0675695
6.9	-0.096405
6.91	-0.108143
6.92	-0.0593688
6.93	-0.00881971
6.94	0.0693231
6.95	0.0675826
6.96	0.0905276
6.97	0.141751
6.98	0.112724
6.99	0.115806
7	0.101086
7.01	0.154993
7.02	0.17935
7.03	0.155748
7.04	0.130037
7.05	0.0141641
7.06	-0.0755348
7.07	-0.148471
7.08	-0.239647
7.09	-0.246445
7.1	-0.266555
7.11	-0.277092
7.12	-0.163052
7.13	0.273768
7.14	0.703599
7.15	0.4758
7.16	0.0507197
7.17	-0.181588
7.18	-0.288627
7.19	-0.263559
7.2	-0.267899
7.21	-0.262437
7.22	-0.215683
7.23	-0.187283
7.24	-0.141401
7.25	-0.205609
7.26	-0.214877
7.27	-0.145003
7.28	-0.111693
7.29	-0.0904941
7.3	-0.149964
7.31	-0.145517
7.32	-0.0712465
7.33	-0.0974899
7.34	-0.0433744
7.35	0.0450575
7.36	0.129716
7.37	0.158297
7.38	0.154184
7.39	0.211838
7.4	0.188843
7.41	0.205748
7.42	0.296212
7.43	0.282367
7.44	0.287824
7.45	0.256155
7.46	0.269888
7.47	0.215905
7.48	0.0630976
7.49	0.0290703
7.5	-0.0219308
7.51	-0.0471349
7.52	-0.0916637
7.53	-0.202035
7.54	0.00475252
7.55	0.471914
7.56	0.801302
7.57	0.584994
7.58	0.161955
7.59	-0.0740896
7.6	-0.181636
7.61	-0.209753
7.62	-0.213562
7.63	-0.257165
7.64	-0.230658
7.65	-0.217653
7.66	-0.20564
7.67	-0.186556
7.68	-0.225105
7.69	-0.185925
7.7	-0.185909
7.71	-0.199886
7.72	-0.221837
7.73	-0.222633
7.74	-0.145511
7.75	-0.154387
7.76	-0.106726
7.77	-0.00894494
7.78	0.00965069
7.79	0.0483207
7.8	0.00998565
7.81	0.0735636
7.82	0.121544
7.83	0.0534595
7.84	0.0385531
7.85	0.0579219
7.86	0.130122
7.87	0.162011
7.88	0.129766
7.89	0.155455
7.9	0.117504
7.91	0.087286
7.92	0.0257748
7.93	-0.0730912
7.94	-0.0860049
7.95	-0.122128
7.96	-0.132025
7.97	-0.185745
7.98	-0.124634
7.99	0.36805
8	0.863891
8.01	0.749665
8.02	0.252029
8.03	-0.0893807
8.04	-0.137618
8.05	-0.194095
8.06	-0.196519
8.07	-0.199371
8.08	-0.21325
8.09	-0.162736
8.1	-0.161714
8.11	-0.158505
8.12	-0.1715
8.13	-0.201338
8.14	-0.172619
8.15	-0.21514
8.16	-0.167248
8.17	-0.109361
8.18	-0.112232
8.19	-0.0753249
8.2	-0.056469
8.21	0.025754
8.22	0.0974192
8.23	0.0712461
8.24	0.108293
8.25	0.100839
8.26	0.130725
8.27	0.126572
8.28	0.0753945
8.29	0.0897947
8.3	0.0621565
8.31	0.0309739
8.32	0.021742
8.33	0.0181798
8.34	0.042107
8.35	0.0442511
8.36	0.133506
8.37	0.213546
8.38	0.140356
8.39	0.0931472
8.4	0.0222943
8.41	0.00669045
8.42	0.00607815
8.43	-0.0889807
8.44	-0.141679
8.45	-0.218335
8.46	-0.222125
8.47	0.135038
8.48	0.665664
8.49	0.84603
8.5	0.438636
8.51	-0.0243366
8.52	-0.256256
8.53	-0.257349
8.54	-0.176212
8.55	-0.234003
8.56	-0.237791
8.57	-0.181271
8.58	-0.213128
8.59	-0.214707
8.6	-0.198523
8.61	-0.139016
8.62	-0.165044
8.63	-0.210208
8.64	-0.149468
8.65	-0.116553
8.66	-0.0570794
8.67	-0.0214479
8.68	-0.0273081
8.69	0.0783083
8.7	0.125193
8.71	0.148506
8.72	0.211617
8.73	0.201579
8.74	0.209737
8.75	0.225697
8.76	0.231416
8.77	0.222004
8.78	0.168004
8.79	0.129519
8.8	0.0850686
8.81	0.100103
8.82	0.0849021
8.83	0.0821892
8.84	0.148214
8.85	0.0659045
8.86	0.0920045
8.87	0.191832
8.88	0.184371
8.89	0.202568
8.9	0.113893
8.91	0.00241218
8.92	-0.011542
8.93	-0.0759893
8.94	-0.0726063
8.95	-0.146866
8.96	-0.178016
8.97	0.0237841
8.98	0.459052
8.99	0.754435
9	0.412488
9.01	-0.0551484
9.02	-0.274636
9.03	-0.365555
9.04	-0.337347
9.05	-0.362324
9.06	-0.379701
9.07	-0.316928
9.08	-0.331682
9.09	-0.29546
9.1	-0.30911
9.11	-0.353236
9.12	-0.334862
9.13	-0.318209
9.14	-0.27121
9.15	-0.339839
9.16	-0.348229
9.17	-0.2515
9.18	-0.187269
9.19	-0.128963
9.2	-0.0606716
9.21	0.0450507
9.22	0.126299
9.23	0.147122
9.24	0.133094
9.25	0.102148
9.26	0.054053
9.27	-0.0519321
9.28	-0.0976707
9.29	-0.0141864
9.3	-0.0696816
9.31	-0.0824518
9.32	-0.0606073
9.33	-0.0545402
9.34	0.0211903
9.35	-0.00121797
9.36	-0.0246692
9.37	-0.028586
9.38	-0.0252532
9.39	0.0445341
9.4	0.0716659
9.41	0.044359
9.42	0.022904
9.43	-0.0451256
9.44	-0.0527706
9.45	-0.124921
9.46	-0.156149
9.47	-0.146839
9.48	-0.224343
9.49	-0.205095
9.5	0.107578
9.51	0.675208
9.52	0.94007
9.53	0.562398
9.54	0.26998
9.55	0.117838
9.56	0.0543847
9.57	0.11287
9.58	0.228744
9.59	0.331765
9.6	0.314784
9.61	0.319987
9.62	0.341335
9.63	0.288344
9.64	0.273672
9.65	0.265603
9.66	0.231463
9.67	0.203212
9.68	0.234212
9.69	0.313607
9.7	0.351956
9.71	0.359278
9.72	0.375115
9.73	0.48886
9.74	0.641564
9.75	0.636208
9.76	0.607746
9.77	0.515974
9.78	0.439799
9.79	0.461758
9.8	0.46463
9.81	0.379788
9.82	0.280215
9.83	0.238303
9.84	0.332989
9.85	0.268126
9.86	0.234027
9.87	0.30309
9.88	0.338524
9.89	0.349749
9.9	0.374509
9.91	0.508385
9.92	0.579453
9.93	0.603656
9.94	0.703069
9.95	0.710835
9.96	0.605237
9.97	0.36183
9.98	0.091254
9.99	-0.0252722
10	-0.157021
10.01	-0.275918
10.02	-0.348812
10.03	-0.484539
10.04	-0.318174
10.05	0.102869
10.06	0.377478
10.07	0.085864
10.08	-0.415537
10.09	-0.700104
10.1	-0.891186
10.11	-0.884291
10.12	-0.738809
10.13	-0.66139
10.14	-0.601851
10.15	-0.657537
10.16	-0.701035
10.17	-0.624477
10.18	-0.567656
10.19	-0.593835
10.2	-0.64064
10.21	-0.655806
10.22	-0.721046
10.23	-0.729127
10.24	-0.654412
10.25	-0.668402
10.26	-0.64514
10.27	-0.496364
10.28	-0.384888
10.29	-0.289472
10.3	-0.119265
10.31	0.020078
10.32	0.0280526
10.33	0.0658827
10.34	0.203755
10.35	0.205975
10.36	0.233194
10.37	0.289961
10.38	0.267235
10.39	0.339778
10.4	0.387439
10.41	0.398854
10.42	0.41025
10.43	0.391458
10.44	0.463012
10.45	0.525559
10.46	0.496582
10.47	0.379679
10.48	0.197996
10.49	0.0133558
10.5	-0.142616
10.51	-0.216272
10.52	-0.277212
10.53	-0.442817
10.54	-0.43318
10.55	-0.0851914
10.56	0.454755
10.57	0.516848
10.58	0.103488
10.59	-0.205778
10.6	-0.401612
10.61	-0.45925
10.62	-0.426167
10.63	-0.453281
10.64	-0.446441
10.65	-0.451129
10.66	-0.44728
10.67	-0.432438
10.68	-0.475921
10.69	-0.458107
10.7	-0.410766
10.71	-0.441595
10.72	-0.488265
10.73	-0.52855
10.74	-0.520149
10.75	-0.544216
10.76	-0.471828
10.77	-0.399834
10.78	-0.365133
10.79	-0.270224
10.8	-0.240481
10.81	-0.209037
10.82	-0.184688
10.83	-0.220051
10.84	-0.219217
10.85	-0.267043
10.86	-0.292619
10.87	-0.273619
10.88	-0.283229
10.89	-0.229125
10.9	-0.222531
10.91	-0.13419
10.92	-0.00594007
10.93	0.050395
10.94	0.164086
10.95	0.227385
10.96	0.216997
10.97	0.176423
10.98	0.0582446
10.99	0.0360385
11	0.043354
11.01	0.0130095
11.02	-0.0300333
11.03	-0.0033809
11.04	0.305992
11.05	0.811584
11.06	1.03854
11.07	0.711968
11.08	0.266762
11.09	0.0566555
11.1	-0.0979722
11.11	-0.142836
11.12	-0.0864085
11.13	-0.101322
11.14	-0.133158
11.15	-0.143195
11.16	-0.149287
11.17	-0.153179
11.18	-0.188394
11.19	-0.158198
11.2	-0.152993
11.21	-0.162868
11.22	-0.156017
11.23	-0.139789
11.24	-0.0564472
11.25	-0.00372317
11.26	0.0687644
11.27	0.19592
11.28	0.273459
11.29	0.286291
11.3	0.229605
11.31	0.220427
11.32	0.211916
11.33	0.0681879
11.34	-0.0142324
11.35	-0.0949535
11.36	-0.200711
11.37	-0.24098
11.38	-0.290836
11.39	-0.278074
11.4	-0.303066
11.41	-0.313783
11.42	-0.285763
11.43	-0.244879
11.44	-0.165896
11.45	-0.171891
11.46	-0.160491
11.47	-0.174977
11.48	-0.291332
11.49	-0.320504
11.5	-0.320725
11.51	-0.305688
11.52	-0.277142
11.53	-0.193194
11.54	0.160296
11.55	0.66448
11.56	0.765853
11.57	0.442018
11.58	0.120728
11.59	-0.00334455
11.6	-0.0400395
11.61	-0.0427087
11.62	-0.0307315
11.63	-0.0326806
11.64	0.00475109
11.65	0.0462509
11.66	0.0553212
11.67	0.0610556
11.68	0.0766999
11.69	0.0797389
11.7	0.033447
11.71	0.0459563
11.72	0.0802926
11.73	0.0809053
11.74	0.143116
11.75	0.180379
11.76	0.262985
11.77	0.353259
11.78	0.379336
11.79	0.375248
11.8	0.306878
11.81	0.275557
11.82	0.275538
11.83	0.241012
11.84	0.248587
11.85	0.155152
11.86	0.0933615
11.87	0.111123
11.88	0.0984837
11.89	0.130519
11.9	0.139217
11.91	0.137197
11.92	0.156107
11.93	0.182007
11.94	0.168876
11.95	0.0599081
11.96	-0.0535854
11.97	-0.128605
11.98	-0.22269
11.99	-0.269058
12	-0.319396
12.01	-0.345357
12.02	-0.217313
12.03	0.174703
12.04	0.649984
12.05	0.55656
12.06	0.107767
12.07	-0.218414
12.08	-0.322058
12.09	-0.355208
12.1	-0.403814
12.11	-0.401733
12.12	-0.349168
12.13	-0.32418
12.14	-0.27077
12.15	-0.266303
12.16	-0.226001
12.17	-0.177833
12.18	-0.200248
12.19	-0.159558
12.2	-0.176742
12.21	-0.148615
12.22	-0.0808078
12.23	-0.00643984
12.24	0.160011
12.25	0.223169
12.26	0.248945
12.27	0.302514
12.28	0.294742
12.29	0.26597
12.3	0.208555
12.31	0.189882
12.32	0.166574
12.33	0.0767945
12.34	0.0534061
12.35	0.0813394
12.36	0.10689
12.37	0.126075
12.38	0.175143
12.39	0.262599
12.4	0.213719
12.41	0.124462
12.42	0.0699214
12.43	0.0155353
12.44	-0.00318868
12.45	-0.0418706
12.46	-0.0552042
12.47	-0.109457
12.48	-0.0394623
12.49	0.367866
12.5	0.883334
12.51	0.902591
12.52	0.488018
12.53	0.122164
12.54	-0.0225578
12.55	-0.137356
12.56	-0.178326
12.57	-0.182437
12.58	-0.182787
12.59	-0.141745
12.6	-0.168462
12.61	-0.181459
12.62	-0.187291
12.63	-0.227074
12.64	-0.238615
12.65	-0.20743
12.66	-0.181931
12.67	-0.187823
12.68	-0.196124
12.69	-0.148561
12.7	-0.117029
12.71	-0.0192969
12.72	0.0573579
12.73	0.0381591
12.74	0.0236612
12.75	-0.0337724
12.76	-0.0551022
12.77	-0.0960026
12.78	-0.13461
12.79	-0.122322
12.8	-0.143963
12.81	-0.121262
12.82	-0.0885408
12.83	-0.0557311
12.84	0.0504125
12.85	0.077172
12.86	0.0554815
12.87	0.0304906
12.88	-0.0242372
12.89	-0.0573946
12.9	-0.119694
12.91	-0.18761
12.92	-0.207969
12.93	-0.219417
12.94	-0.0794585
12.95	0.378813
12.96	0.856147
12.97	0.757975
12.98	0.26845
12.99	-0.0713837
13	-0.186991
13.01	-0.205288
13.02	-0.180979
13.03	-0.198045
13.04	-0.176944
13.05	-0.183481
13.06	-0.125019
13.07	-0.114967
13.08	-0.138368
13.09	-0.0606405
13.1	-0.0565798
13.11	-0.0382462
13.12	0.0546145
13.13	0.0431336
13.14	0.0564141
13.15	0.106515
13.16	0.15876
13.17	0.206569
13.18	0.236044
13.19	0.234858
13.2	0.185954
13.21	0.180612
13.22	0.167254
13.23	0.0920413
13.24	0.0284378
13.25	-0.0608361
13.26	-0.0501289
13.27	0.00841226
13.28	0.0066545
13.29	0.0325262
13.3	0.0572764
13.31	0.134472
13.32	0.0932843
13.33	-0.0166313
13.34	-0.0613842
13.35	-0.118067
13.36	-0.174342
13.37	-0.233301
13.38	-0.295299
13.39	-0.321929
13.4	-0.228591
13.41	0.186338
13.42	0.698082
13.43	0.684402
13.44	0.288524
13.45	-0.0897949
13.46	-0.258451
13.47	-0.307111
13.48	-0.30948
13.49	-0.280414
13.5	-0.276342
13.51	-0.23521
13.52	-0.219705
13.53	-0.235723
13.54	-0.190076
13.55	-0.151326
13.56	-0.122976
13.57	-0.124301
13.58	-0.123023
13.59	-0.0572069
13.6	-0.0205956
13.61	0.0457081
13.62	0.0963329
13.63	0.172623
13.64	0.255236
13.65	0.228155
13.66	0.228404
13.67	0.199555
13.68	0.160855
13.69	0.164308
13.7	0.0952274
13.71	0.0594007
13.72	0.0521115
13.73	0.0492254
13.74	0.080153
13.75	0.0797728
13.76	0.0694155
13.77	0.088133
13.78	0.152245
13.79	0.245419
13.8	0.220115
13.81	0.144331
13.82	0.0165085
13.83	-0.086047
13.84	-0.0976307
13.85	-0.134464
13.86	-0.141444
13.87	-0.172935
13.88	-0.123543
13.89	0.251643
13.9	0.748089
13.91	0.785857
13.92	0.367386
13.93	-0.00943795
13.94	-0.153358
13.95	-0.236609
13.96	-0.239747
13.97	-0.237968
13.98	-0.253155
13.99	-0.232802
14	-0.238303
14.01	-0.21206
14.02	-0.196043
14.03	-0.24269
14.04	-0.202207
14.05	-0.136513
14.06	-0.116844
14.07	-0.108473
14.08	-0.116682
14.09	-0.0772864
14.1	-0.0441075
14.11	0.0412856
14.12	0.115582
14.13	0.159708
14.14	0.189182
14.15	0.131829
14.16	0.0760393
14.17	0.0310705
14.18	-0.00696399
14.19	0.00142894
14.2	-0.0668404
14.21	-0.0870241
14.22	-0.0762315
14.23	-0.0942111
14.24	-0.0491696
14.25	-0.0454641
14.26	-0.0278311
14.27	0.0480367
14.28	0.109522
14.29	0.174846
14.3	0.142729
14.31	0.0315973
14.32	-0.0571195
14.33	-0.113801
14.34	-0.10817
14.35	-0.153451
14.36	-0.167113
14.37	-0.118591
14.38	0.115043
14.39	0.634769
14.4	0.877591
14.41	0.592219
14.42	0.153755
14.43	-0.121117
14.44	-0.16302
14.45	-0.183753
14.46	-0.170027
14.47	-0.142057
14.48	-0.153944
14.49	-0.140328
14.5	-0.124329
14.51	-0.0758258
14.52	-0.0387594
14.53	-0.0633112
14.54	-0.054492
14.55	-0.0869058
14.56	-0.0688291
14.57	0.0080546
14.58	0.0337872
14.59	0.0562139
14.6	0.0554987
14.61	0.116687
14.62	0.172639
14.63	0.187414
14.64	0.192705
14.65	0.143378
14.66	0.105275
14.67	0.0685171
14.68	0.0112759
14.69	-0.0249574
14.7	-0.0953245
14.71	-0.101132
14.72	-0.10322
14.73	-0.145458
14.74	-0.124178
14.75	-0.117155
14.76	-0.0821645
14.77	-0.0390812
14.78	-0.0190612
14.79	0.0639542
14.8	0.062012
14.81	0.000838882
14.82	-0.113389
14.83	-0.196693
14.84	-0.204617
14.85	-0.247317
14.86	-0.254652
14.87	-0.279773
14.88	-0.178013
14.89	0.260535
14.9	0.772525
14.91	0.730199
14.92	0.246958
14.93	-0.124796
14.94	-0.208149
14.95	-0.24463
14.96	-0.238981
14.97	-0.231184
14.98	-0.223039
14.99	-0.181673
15	-0.184288
15.01	-0.152754
15.02	-0.12321
15.03	-0.0920105
15.04	-0.0526524
15.05	-0.0636304
15.06	0.00606153
15.07	0.0421493
15.08	0.00534511
15.09	0.0590177
15.1	0.119837
15.11	0.219242
15.12	0.278017
15.13	0.279269
15.14	0.296224
15.15	0.2458
15.16	0.221012
15.17	0.16743
15.18	0.136942
15.19	0.156608
15.2	0.072224
15.21	0.0397095
15.22	0.00793616
15.23	-0.0335148
15.24	-0.00649125
15.25	-0.0117962
15.26	-0.0402307
15.27	-0.0598809
15.28	-0.0615807
15.29	-0.028511
15.3	0.0139567
15.31	0.0958856
15.32	0.101492
15.33	0.0523612
15.34	0.000769578
15.35	-0.134093
15.36	-0.201967
15.37	-0.240349
15.38	-0.242
15.39	-0.205386
15.4	-0.212876
15.41	0.0164368
15.42	0.515743
15.43	0.769176
15.44	0.481185
15.45	-0.00667008
15.46	-0.250134
15.47	-0.29537
15.48	-0.269937
15.49	-0.24644
15.5	-0.265468
15.51	-0.272899
15.52	-0.221837
15.53	-0.199507
15.54	-0.19285
15.55	-0.213041
15.56	-0.144343
15.57	-0.0866926
15.58	-0.0901087
15.59	-0.0534851
15.6	-0.048033
15.61	-0.0103638
15.62	0.041701
15.63	0.102609
15.64	0.191348
15.65	0.194205
15.66	0.207549
15.67	0.211059
15.68	0.189108
15.69	0.166725
15.7	0.102425
15.71	0.0781573
15.72	0.0394526
15.73	0.0212958
15.74	0.0226983
15.75	-0.0201417
15.76	-0.0185602
15.77	-0.0141806
15.78	-0.050468
15.79	-0.0224322
15.8	-0.0150971
15.81	-0.0162816
15.82	0.00714174
15.83	0.0450931
15.84	0.143821
15.85	0.130994
15.86	0.0868246
15.87	-0.00496834
15.88	-0.0775565
15.89	-0.0882429
15.9	-0.149822
15.91	-0.188212
15.92	-0.193158
15.93	-0.153514
15.94	0.154185
15.95	0.6791
15.96	0.899472
15.97	0.52325
15.98	0.0673519
15.99	-0.129884
16	-0.253577
16.01	-0.287743
16.02	-0.254541
16.03	-0.220325
16.04	-0.17581
16.05	-0.199529
16.06	-0.199677
16.07	-0.199336
16.08	-0.185417
16.09	-0.126238
16.1	-0.116636
16.11	-0.0648127
16.12	-0.0568211
16.13	-0.0620225
16.14	-0.00952886
16.15	0.0268208
16.16	0.0807427
16.17	0.137527
16.18	0.181189
16.19	0.211228
16.2	0.164387
16.21	0.141071
16.22	0.139647
16.23	0.0405171
16.24	-0.00386979
16.25	-0.0418647
16.26	-0.0508637
16.27	-0.0538245
16.28	-0.0607452
16.29	-0.0653914
16.3	-0.105486
16.31	-0.113318
16.32	-0.119597
16.33	-0.113156
16.34	-0.0442906
16.35	-0.046154
16.36	-0.0324132
16.37	0.0311043
16.38	0.113861
16.39	0.140715
16.4	0.0467206
16.41	0.00771436
16.42	-0.0639223
16.43	-0.145454
16.44	-0.124424
16.45	-0.141459
16.46	-0.179506
16.47	-0.175655
16.48	0.0685587
16.49	0.613079
16.5	0.875781
16.51	0.570502
16.52	0.137337
16.53	-0.12075
16.54	-0.176383
16.55	-0.211135
16.56	-0.213512
16.57	-0.203984
16.58	-0.205691
16.59	-0.150008
16.6	-0.136097
16.61	-0.125817
16.62	-0.11562
16.63	-0.103894
16.64	-0.0527065
16.65	-0.0682236
16.66	-0.0793192
16.67	-0.10932
16.68	-0.0699363
16.69	0.0278933
16.7	0.0453897
16.71	0.133792
16.72	0.213524
16.73	0.196318
16.74	0.220594
16.75	0.162779
16.76	0.130297
16.77	0.0913666
16.78	0.0304299
16.79	0.0148031
16.8	-0.0261953
16.81	-0.0683877
16.82	-0.101881
16.83	-0.10587
16.84	-0.0907296
16.85	-0.105812
16.86	-0.115043
16.87	-0.110048
16.88	-0.112072
16.89	-0.0805141
16.9	-0.0575609
16.91	0.0370826
16.92	0.101061
16.93	0.0882719
16.94	0.0822866
16.95	0.0152089
16.96	-0.0503898
16.97	-0.122508
16.98	-0.171553
16.99	-0.164358
17	-0.212608
17.01	-0.206909
17.02	0.00220269
17.03	0.487693
17.04	0.903302
17.05	0.68244
17.06	0.206143
17.07	-0.0830578
17.08	-0.187405
17.09	-0.177969
17.1	-0.187239
17.11	-0.178405
17.12	-0.160855
17.13	-0.167344
17.14	-0.135695
17.15	-0.138141
17.16	-0.118693
17.17	-0.100312
17.18	-0.0683461
17.19	-0.0187245
17.2	-0.0527202
17.21	-0.0390848
17.22	0.020575
17.23	0.0669062
17.24	0.119032
17.25	0.135456
17.26	0.179517
17.27	0.202531
17.28	0.219373
17.29	0.237213
17.3	0.185262
17.31	0.124873
17.32	0.0905685
17.33	0.0453294
17.34	0.00610732
17.35	-0.0281786
17.36	-0.0169157
17.37	-0.0509514
17.38	-0.104151
17.39	-0.0754756
17.4	-0.10918
17.41	-0.12715
17.42	-0.127688
17.43	-0.112771
17.44	-0.0940228
17.45	-0.14357
17.46	-0.111493
17.47	-0.0439007
17.48	-0.0127966
17.49	0.0400014
17.5	0.050336
17.51	0.0229391
17.52	-0.0386479
17.53	-0.0841293
17.54	-0.123828
17.55	-0.187296
17.56	-0.171439
17.57	-0.194261
17.58	-0.240974
17.59	-0.0714445
17.6	0.382838
17.61	0.826491
17.62	0.662179
17.63	0.197156
17.64	-0.0799017
17.65	-0.225813
17.66	-0.222977
17.67	-0.213895
17.68	-0.239552
17.69	-0.186939
17.7	-0.175773
17.71	-0.161245
17.72	-0.136585
17.73	-0.127983
17.74	-0.0804663
17.75	-0.0781485
17.76	-0.0552178
17.77	-0.048975
17.78	-0.0637215
17.79	-0.0390215
17.8	-0.00920978
17.81	0.0899788
17.82	0.181522
17.83	0.205445
17.84	0.273857
17.85	0.261779
17.86	0.265924
17.87	0.248454
17.88	0.185756
17.89	0.155244
17.9	0.0697237
17.91	0.0378052
17.92	0.0144576
17.93	-0.00300542
17.94	-0.0182668
17.95	-0.0629515
17.96	-0.0601932
17.97	-0.0588342
17.98	-0.0938123
17.99	-0.0579996
18	-0.0866297
18.01	-0.108575
18.02	-0.0973928
18.03	-0.121075
18.04	-0.101534
18.05	-0.0675575
18.06	-0.0104133
18.07	0.0127287
18.08	0.0264779
18.09	0.0729196
18.1	0.00195466
18.11	-0.0570578
18.12	-0.0964582
18.13	-0.138826
18.14	-0.144588
18.15	-0.196826
18.16	-0.25504
18.17	-0.244886
18.18	0.00223249
18.19	0.552119
18.2	0.834078
18.21	0.55082
18.22	0.0964148
18.23	-0.161391
18.24	-0.200436
18.25	-0.237551
18.26	-0.23633
18.27	-0.229477
18.28	-0.190227
18.29	-0.133044
18.3	-0.151958
18.31	-0.148089
18.32	-0.151517
18.33	-0.134373
18.34	-0.0800106
18.35	-0.086332
18.36	-0.0770639
18.37	-0.0479024
18.38	-0.0197253
18.39	0.0428825
18.4	0.0974117
18.41	0.191606
18.42	0.260069
18.43	0.266419
18.44	0.308422
18.45	0.273156
18.46	0.211576
18.47	0.176267
18.48	0.111636
18.49	0.0802677
18.5	0.075287
18.51	0.0665603
18.52	0.0098868
18.53	-0.0504101
18.54	-0.0378363
18.55	-0.0450226
18.56	-0.0527101
18.57	-0.05667
18.58	-0.0432813
18.59	-0.0390682
18.6	-0.0948532
18.61	-0.113952
18.62	-0.119974
18.63	-0.115278
18.64	-0.0636682
18.65	-0.0622977
18.66	-0.0373219
18.67	-0.0103203
18.68	0.0390993
18.69	0.077374
18.7	0.0111139
18.71	-0.0173409
18.72	-0.0773073
18.73	-0.159142
18.74	-0.170445
18.75	-0.201631
18.76	-0.212487
18.77	-0.184423
18.78	0.0461817
18.79	0.580433
18.8	0.862927
18.81	0.565832
18.82	0.116864
18.83	-0.0980527
18.84	-0.17283
18.85	-0.249229
18.86	-0.223101
18.87	-0.224085
18.88	-0.230348
18.89	-0.175555
18.9	-0.176986
18.91	-0.140437
18.92	-0.087329
18.93	-0.0824917
18.94	-0.0857273
18.95	-0.119423
18.96	-0.0600706
18.97	-0.0198281
18.98	-0.0357041
18.99	0.00325014
19	0.0658517
19.01	0.177975
19.02	0.218838
19.03	0.224689
19.04	0.265483
19.05	0.223779
19.06	0.173528
19.07	0.112575
19.08	0.0763629
19.09	0.102865
19.1	0.045533
19.11	0.0426969
19.12	0.015978
19.13	0.00361546
19.14	-0.00798386
19.15	-0.056447
19.16	-0.0209549
19.17	-0.0128274
19.18	-0.0678707
19.19	-0.0813481
19.2	-0.119287
19.21	-0.084064
19.22	-0.0734059
19.23	-0.0978734
19.24	-0.0716018
19.25	-0.0591227
19.26	-0.0166174
19.27	-0.012836
19.28	-0.00487449
19.29	0.0524845
19.3	0.0995228
19.31	0.0900149
19.32	0.0125451
19.33	-0.0955685
19.34	-0.142099
19.35	-0.167876
19.36	-0.157674
19.37	-0.188168
19.38	-0.177545
19.39	0.0414593
19.4	0.516258
19.41	0.882661
19.42	0.623282
19.43	0.151642
19.44	-0.108955
19.45	-0.218231
19.46	-0.21785
19.47	-0.237647
19.48	-0.232171
19.49	-0.197854
19.5	-0.183564
19.51	-0.151067
19.52	-0.161763
19.53	-0.155528
19.54	-0.108014
19.55	-0.0940673
19.56	-0.0687293
19.57	-0.0801277
19.58	-0.100722
19.59	-0.0497833
19.6	-0.00604077
19.61	0.0612575
19.62	0.123893
19.63	0.149304
19.64	0.207266
19.65	0.234054
19.66	0.259955
19.67	0.213308
19.68	0.133937
19.69	0.0856208
19.7	0.024214
19.71	0.044379
19.72	0.0463644
19.73	0.0101329
19.74	-0.026137
19.75	-0.0466131
19.76	-0.033681
19.77	-0.0951465
19.78	-0.120445
19.79	-0.0890726
19.8	-0.0958395
19.81	-0.0668372
19.82	-0.0733002
19.83	-0.0867609
19.84	-0.0722173
19.85	-0.0593988
19.86	0.00854857
19.87	0.0518572
19.88	0.0955915
19.89	0.121507
19.9	0.0271381
19.91	-0.0371129
19.92	-0.0991092
19.93	-0.141754
19.94	-0.140186
19.95	-0.154297
19.96	-0.162994
19.97	-0.167998
19.98	0.105889
19.99	0.702512
20	0.866354
20.01	0.482782
20.02	0.0381439
20.03	-0.199144
20.04	-0.250682
20.05	-0.239713
20.06	-0.193775
20.07	-0.21852
20.08	-0.22791
20.09	-0.180976
20.1	-0.182943
20.11	-0.138272
20.12	-0.117457
20.13	-0.135145
20.14	-0.0950448
20.15	-0.0627388
20.16	-0.0489809
20.17	-0.0626964
20.18	-0.0625203
20.19	-0.0147814
20.2	0.0648792
20.21	0.172046
20.22	0.232031
20.23	0.25003
20.24	0.232163
20.25	0.219444
20.26	0.228153
20.27	0.17417
20.28	0.0954106
20.29	0.040462
20.3	0.0121912
20.31	0.0214639
20.32	-0.0183767
20.33	-0.0373708
20.34	0.00031742
20.35	-0.016917
20.36	-0.0195876
20.37	-0.0729044
20.38	-0.115673
20.39	-0.110571
20.4	-0.130519
20.41	-0.0891244
20.42	-0.0773527
20.43	-0.0452069
20.44	-0.0239866
20.45	-0.0216696
20.46	0.0728002
20.47	0.110563
20.48	0.0498487
20.49	-0.005709
20.5	-0.0519175
20.51	-0.0721953
20.52	-0.134725
20.53	-0.155266
20.54	-0.168829
20.55	-0.227785
20.56	-0.0737157
20.57	0.331048
20.58	0.792215
20.59	0.781607
20.6	0.33305
20.61	-0.0105983
20.62	-0.179169
20.63	-0.245141
20.64	-0.21038
20.65	-0.173229
20.66	-0.144643
20.67	-0.158752
20.68	-0.169156
20.69	-0.148948
20.7	-0.147787
20.71	-0.110639
20.72	-0.109687
20.73	-0.104056
20.74	-0.0636678
20.75	-0.0784177
20.76	-0.0524461
20.77	-0.0105573
20.78	0.0445842
20.79	0.075939
20.8	0.0915129
20.81	0.170374
20.82	0.176178
20.83	0.162375
20.84	0.214874
20.85	0.160042
20.86	0.111264
20.87	0.0598292
20.88	0.0372473
20.89	0.0267201
20.9	-0.0246437
20.91	-0.045088
20.92	-0.0426783
20.93	-0.0577897
20.94	-0.0760896
20.95	-0.101899
20.96	-0.0659823
20.97	-0.0662585
20.98	-0.102146
20.99	-0.111994
21	-0.121753
21.01	-0.0424971
21.02	0.0298602
21.03	0.0519237
21.04	0.0948929
21.05	0.110378
21.06	0.0654915
21.07	-0.0421793
21.08	-0.0886284
21.09	-0.0916507
21.1	-0.155876
21.11	-0.180524
21.12	-0.20234
21.13	-0.194763
21.14	-0.00576032
21.15	0.469092
21.16	0.885384
21.17	0.623921
21.18	0.138489
21.19	-0.119107
21.2	-0.222352
21.21	-0.212213
21.22	-0.218676
21.23	-0.221083
21.24	-0.195008
21.25	-0.213196
21.26	-0.139515
21.27	-0.111906
21.28	-0.130476
21.29	-0.108621
21.3	-0.106146
21.31	-0.0482406
21.32	-0.0416196
21.33	-0.0842507
21.34	-0.0876273
21.35	-0.0425125
21.36	0.0608592
21.37	0.122258
21.38	0.170911
21.39	0.197838
21.4	0.183844
21.41	0.20378
21.42	0.187423
21.43	0.151763
21.44	0.127117
21.45	0.0465812
21.46	0.0119915
21.47	0.00940204
21.48	0.0254651
21.49	-0.00653112
21.5	-0.0660849
21.51	-0.0379308
21.52	-0.0419887
21.53	-0.0778731
21.54	-0.103261
21.55	-0.149217
21.56	-0.112997
21.57	-0.0719739
21.58	-0.0764395
21.59	-0.0519259
21.6	-0.0156666
21.61	0.0599293
21.62	0.107329
21.63	0.0885853
21.64	0.0538581
21.65	-0.0272964
21.66	-0.064631
21.67	-0.127574
21.68	-0.171364
21.69	-0.152876
21.7	-0.193405
21.71	-0.173072
21.72	0.0204439
21.73	0.485068
21.74	0.88564
21.75	0.659817
21.76	0.21071
21.77	-0.0833068
21.78	-0.146845
21.79	-0.171953
21.8	-0.228144
21.81	-0.188456
21.82	-0.1869
21.83	-0.18998
21.84	-0.155604
21.85	-0.150244
21.86	-0.0938498
21.87	-0.0987733
21.88	-0.0922937
21.89	-0.035444
21.9	-0.0292264
21.91	-0.0113074
21.92	-0.00917396
21.93	0.0329325
21.94	0.0677212
21.95	0.0638981
21.96	0.146235
21.97	0.17279
21.98	0.182705
21.99	0.20197
22	0.170832
22.01	0.177733
22.02	0.135007
22.03	0.0745297
22.04	0.0395505
22.05	-0.00394688
22.06	0.0512131
22.07	0.0309389
22.08	-0.0282016
22.09	-0.0500517
22.1	-0.0731021
22.11	-0.0556463
22.12	-0.0719636
22.13	-0.105629
22.14	-0.108633
22.15	-0.0823445
22.16	-0.0433392
22.17	-0.0788216
22.18	-0.0929917
22.19	-0.0566013
22.2	-0.0873838
22.21	-0.091089
22.22	-0.106909
22.23	-0.0582451
22.24	-0.00140011
22.25	-0.0169708
22.26	0.00730524
22.27	0.0228275
22.28	0.0134257
22.29	-0.0343142
22.3	-0.102045
22.31	-0.103522
22.32	-0.153012
22.33	-0.204441
22.34	-0.190719
22.35	-0.217669
22.36	-0.154964
22.37	0.120471
22.38	0.635672
22.39	0.838716
22.4	0.439809
22.41	0.0458649
22.42	-0.148097
22.43	-0.210941
22.44	-0.193153
22.45	-0.204914
22.46	-0.199077
22.47	-0.19646
22.48	-0.174183
22.49	-0.137996
22.5	-0.126508
22.51	-0.0782564
22.52	-0.0754388
22.53	-0.0798684
22.54	-0.0402029
22.55	-0.026587
22.56	0.0286467
22.57	0.0354328
22.58	0.0658075
22.59	0.138837
22.6	0.152513
22.61	0.166873
22.62	0.182545
22.63	0.205619
22.64	0.202703
22.65	0.173183
22.66	0.184902
22.67	0.161744
22.68	0.108593
22.69	0.0596403
22.7	0.00966
22.71	0.0478352
22.72	0.0383015
22.73	-0.0270491
22.74	-0.0554428
22.75	-0.0703691
22.76	-0.0445065
22.77	-0.0848919
22.78	-0.0992705
22.79	-0.0760874
22.8	-0.0874578
22.81	-0.0866626
22.82	-0.0950383
22.83	-0.103317
22.84	-0.0681477
22.85	-0.081725
22.86	-0.0860866
22.87	-0.110383
22.88	-0.123924
22.89	-0.110383
22.9	-0.126133
22.91	-0.0873718
22.92	-0.109808
22.93	-0.111574
22.94	-0.0457625
22.95	-0.0311775
22.96	0.0372516
22.97	0.0691992
22.98	0.0688819
22.99	0.0517361
23	-0.0416552
23.01	-0.0941729
23.02	-0.127468
23.03	-0.133426
23.04	-0.134565
23.05	-0.199826
23.06	-0.132907
23.07	0.199991
23.08	0.71843
23.09	0.8701
23.1	0.449708
23.11	0.0319169
23.12	-0.160642
23.13	-0.189088
23.14	-0.165239
23.15	-0.15995
23.16	-0.144815
23.17	-0.161448
23.18	-0.137989
23.19	-0.0580231
23.2	-0.071181
23.21	-0.0656463
23.22	-0.0729332
23.23	-0.0605403
23.24	-0.0354534
23.25	-0.0145926
23.26	0.0277015
23.27	0.031789
23.28	0.0656683
23.29	0.125599
23.3	0.12059
23.31	0.184453
23.32	0.234643
23.33	0.221911
23.34	0.209286
23.35	0.158511
23.36	0.116455
23.37	0.0812753
23.38	0.0933056
23.39	0.0923892
23.4	0.0616747
23.41	0.061449
23.42	-0.0153824
23.43	-0.0418962
23.44	-0.0491182
23.45	-0.0708537
23.46	-0.0440161
23.47	-0.0559361
23.48	-0.0629788
23.49	-0.0761526
23.5	-0.116269
23.51	-0.06741
23.52	-0.0664032
23.53	-0.103196
23.54	-0.124375
23.55	-0.132805
23.56	-0.0958899
23.57	-0.119033
23.58	-0.141497
23.59	-0.118728
23.6	-0.118701
23.61	-0.10434
23.62	-0.107689
23.63	-0.1078
23.64	-0.0908849
23.65	-0.111315
23.66	-0.106112
23.67	-0.0948734
23.68	-0.072478
23.69	-0.0355394
23.7	-0.0128176
23.71	0.061998
23.72	0.0868419
23.73	0.0943895
23.74	0.0821378
23.75	0.0249166
23.76	0.0256184
23.77	-0.0359842
23.78	-0.115227
23.79	-0.113824
23.8	-0.117505
23.81	-0.107278
23.82	0.0153804
23.83	0.4536
23.84	0.882082
23.85	0.701505
23.86	0.261276
23.87	-0.0493298
23.88	-0.150707
23.89	-0.189826
23.9	-0.22747
23.91	-0.197474
23.92	-0.190879
23.93	-0.148731
23.94	-0.11311
23.95	-0.130256
23.96	-0.101404
23.97	-0.0927434
23.98	-0.0909477
23.99	-0.0548692
24	-0.0241324
24.01	0.0446661
24.02	0.0244079
24.03	0.0166393
24.04	0.0490485
24.05	0.0576236
24.06	0.106076
24.07	0.130409
24.08	0.150082
24.09	0.178813
24.1	0.134515
24.11	0.125616
24.12	0.080472
24.13	0.0728864
24.14	0.091605
24.15	0.0531518
24.16	0.0631747
24.17	0.00282946
24.18	-0.032131
24.19	-0.0206373
24.2	-0.0372196
24.21	-0.0448639
24.22	-0.0586514
24.23	-0.0772454
24.24	-0.0968462
24.25	-0.116729
24.26	-0.108737
24.27	-0.116804
24.28	-0.130497
24.29	-0.108506
24.3	-0.0877405
24.31	-0.0805701
24.32	-0.149228
24.33	-0.149968
24.34	-0.111702
24.35	-0.149066
24.36	-0.112842
24.37	-0.125241
24.38	-0.131157
24.39	-0.112096
24.4	-0.118798
24.41	-0.0772303
24.42	-0.0482375
24.43	0.00463689
24.44	0.0825289
24.45	0.0768226
24.46	0.0680203
24.47	0.0305601
24.48	-0.00887645
24.49	-0.0708103
24.5	-0.161816
24.51	-0.144675
24.52	-0.120027
24.53	-0.116056
24.54	0.0700296
24.55	0.520496
24.56	0.890853
24.57	0.629421
24.58	0.163602
24.59	-0.0911781
24.6	-0.178637
24.61	-0.173092
24.62	-0.189039
24.63	-0.201737
24.64	-0.196684
24.65	-0.214
24.66	-0.136895
24.67	-0.0643219
24.68	-0.0933995
24.69	-0.138966
24.7	-0.172751
24.71	-0.137947
24.72	-0.0851252
24.73	-0.0219043
24.74	0.00801082
24.75	-0.00143139
24.76	0.0352746
24.77	0.0640322
24.78	0.0858547
24.79	0.0809713
24.8	0.0921216
24.81	0.123929
24.82	0.0724226
24.83	0.0494634
24.84	0.0555797
24.85	0.017679
24.86	0.0122628
24.87	-0.0334387
24.88	-0.00845858
24.89	0.0391219
24.9	0.0386481
24.91	0.0273916
24.92	-0.00788241
24.93	0.00286924
24.94	-0.015254
24.95	-0.00458242
24.96	0.0759435
24.97	0.0250601
24.98	-0.0190553
24.99	-0.0134573
25	-0.00769884
25.01	-0.00982324
25.02	-0.0556917
25.03	-0.0236101
25.04	0.00221042
25.05	0.0158838
25.06	0.0170868
25.07	-0.038429
25.08	-0.0461438
25.09	-0.0212405
25.1	-0.0288169
25.11	-0.0331842
25.12	-0.0645678
25.13	-0.0163924
25.14	0.00844515
25.15	0.0051507
25.16	0.0425568
25.17	0.0581254
25.18	0.121662
25.19	0.130811
25.2	0.11338
25.21	0.117343
25.22	0.0274879
25.23	-0.0217753
25.24	-0.0597129
25.25	-0.0976547
25.26	-0.0938599
25.27	-0.136228
25.28	-0.0603353
25.29	0.295002
25.3	0.811196
25.31	0.877711
25.32	0.392224
25.33	0.00872377
25.34	-0.177295
25.35	-0.239693
25.36	-0.161737
25.37	-0.160065
25.38	-0.155292
25.39	-0.122043
25.4	-0.147779
25.41	-0.171393
25.42	-0.20349
25.43	-0.152967
25.44	-0.0846513
25.45	-0.0440502
25.46	0.0430006
25.47	0.0469131
25.48	0.0685745
25.49	0.131909
25.5	0.139023
25.51	0.188225
25.52	0.209498
25.53	0.19743
25.54	0.184181
25.55	0.149493
25.56	0.0991319
25.57	0.0511144
25.58	0.0818263
25.59	0.110101
25.6	0.09197
25.61	0.107891
25.62	0.0633758
25.63	0.0841199
25.64	0.0839076
25.65	0.0457224
25.66	0.00626915
25.67	-0.031577
25.68	-0.0308858
25.69	-0.0498338
25.7	-0.0397836
25.71	-0.0289316
25.72	-0.06117
25.73	-0.025324
25.74	-0.0208393
25.75	-0.0573544
25.76	-0.00539824
25.77	-0.00172736
25.78	0.0271497
25.79	0.0455106
25.8	0.0219827
25.81	0.041936
25.82	0.0076316
25.83	-0.05188
25.84	-0.0695361
25.85	-0.00370588
25.86	0.0256851
25.87	-0.0420315
25.88	-0.0743498
25.89	-0.0545892
25.9	-0.061237
25.91	-0.0583281
25.92	-0.0933418
25.93	-0.0153422
25.94	0.00732714
25.95	-0.0553385
25.96	-0.0402925
25.97	-0.0554698
25.98	-0.0642814
25.99	-0.0253591
26	-0.0268987
26.01	-0.0432043
26.02	-0.054335
26.03	-0.0278299
26.04	-0.0720188
26.05	-0.150405
26.06	-0.119932
26.07	-0.118742
26.08	-0.148749
26.09	-0.157522
26.1	-0.134418
26.11	-0.0972909
26.12	-0.154323
26.13	-0.146018
26.14	-0.0933497
26.15	-0.0723119
26.16	-0.0425413
26.17	-0.0610983
26.18	-0.0545275
26.19	-0.0856378
26.2	-0.162922
26.21	-0.181087
26.22	-0.255578
26.23	-0.287328
26.24	-0.309096
26.25	-0.328372
26.26	-0.171265
26.27	0.165179
26.28	0.678829
26.29	0.814068
26.3	0.368348
26.31	-0.0377378
26.32	-0.19505
26.33	-0.153709
26.34	-0.144633
26.35	-0.196824
26.36	-0.216608
26.37	-0.170297
26.38	-0.130811
26.39	-0.132414
26.4	-0.11396
26.41	-0.128674
26.42	-0.17967
26.43	-0.130532
26.44	-0.0571633
26.45	-0.0661866
26.46	-0.0457501
26.47	-0.0178706
26.48	0.0493663
26.49	0.0952277
26.5	0.114359
26.51	0.177321
26.52	0.185737
26.53	0.193744
26.54	0.207391
26.55	0.139504
26.56	0.11739
26.57	0.145838
26.58	0.200404
26.59	0.177104
26.6	0.117959
26.61	0.167897
26.62	0.179647
26.63	0.136162
26.64	0.118718
26.65	0.123114
26.66	0.0928247
26.67	0.0236096
26.68	-0.00876066
26.69	-0.030712
26.7	-0.0365502
26.71	0.00633603
26.72	0.00774891
26.73	-0.00212931
26.74	0.00329308
26.75	0.0210204
26.76	0.0190361
26.77	-0.0341037
26.78	-0.0155419
26.79	-0.0250292
26.8	-0.0635693
26.81	-0.0546333
26.82	-0.115101
26.83	-0.133098
26.84	-0.0965673
26.85	-0.117224
26.86	-0.159764
26.87	-0.171133
26.88	-0.134986
26.89	-0.11334
26.9	-0.0865163
26.91	-0.0191563
26.92	0.0320565
26.93	0.0284348
26.94	0.0148063
26.95	0.0215005
26.96	0.0248322
26.97	0.05135
26.98	0.102766
26.99	0.0574787
27	-0.0227607
27.01	-0.0496741
27.02	-0.100391
27.03	-0.0708348
27.04	0.00347192
27.05	0.0376052
27.06	-0.00970924
27.07	0.0234789
27.08	0.396548
27.09	0.88772
27.1	0.852438
27.11	0.352407
27.12	-0.0943779
27.13	-0.189992
27.14	-0.153064
27.15	-0.171889
27.16	-0.167404
27.17	-0.157678
27.18	-0.0879369
27.19	-0.0429554
27.2	-0.0181814
27.21	0.0406317
27.22	-0.017452
27.23	0.0186333
27.24	0.0812302
27.25	0.0963769
27.26	0.120064
27.27	0.0884345
27.28	0.0824171
27.29	0.117747
27.3	0.171279
27.31	0.224363
27.32	0.194408
27.33	0.162448
27.34	0.171191
27.35	0.186938
27.36	0.175852
27.37	0.107992
27.38	0.146752
27.39	0.219626
27.4	0.26276
27.41	0.269728
27.42	0.221841
27.43	0.194931
27.44	0.18233
27.45	0.172126
27.46	0.170408
27.47	0.092603
27.48	0.092562
27.49	0.081844
27.5	0.0551029
27.51	0.0851503
27.52	0.0831765
27.53	0.0874094
27.54	0.0829839
27.55	0.0654323
27.56	0.108662
27.57	0.0766681
27.58	0.0409989
27.59	0.0348516
27.6	0.0242476
27.61	0.037687
27.62	0.0218844
27.63	-0.0200896
27.64	-0.0615047
27.65	-0.0592536
27.66	-0.014795
27.67	-0.069145
27.68	-0.120686
27.69	-0.138688
27.7	-0.125431
27.71	-0.0709821
27.72	-0.11805
27.73	-0.167718
27.74	-0.177101
27.75	-0.160219
27.76	-0.136164
27.77	-0.174314
27.78	-0.158821
27.79	-0.144779
27.8	-0.206754
27.81	-0.186976
27.82	-0.183898
27.83	-0.136346
27.84	-0.156511
27.85	-0.178714
27.86	-0.107521
27.87	-0.0881003
27.88	-0.0560196
27.89	-0.068757
27.9	-0.0684105
27.91	0.01948
27.92	-0.0205171
27.93	-0.0520698
27.94	-0.101985
27.95	-0.153613
27.96	-0.141778
27.97	-0.201256
27.98	-0.224102
27.99	-0.2389
28	-0.25635
28.01	-0.0274529
28.02	0.467857
28.03	0.914967
28.04	0.74564
28.05	0.254382
28.06	-0.0198902
28.07	-0.102806
28.08	-0.0410816
28.09	-0.0531099
28.1	-0.0908967
28.11	-0.0898605
28.12	-0.128138
28.13	-0.116333
28.14	-0.13439
28.15	-0.0951701
28.16	-0.0275186
28.17	-0.0828808
28.18	-0.101459
28.19	-0.0643345
28.2	0.0561042
28.21	0.166329
28.22	0.13381
28.23	0.174775
28.24	0.246903
28.25	0.298471
28.26	0.3076
28.27	0.269911
28.28	0.212842
28.29	0.13531
28.3	0.0326579
28.31	-0.0389992
28.32	-0.120063
28.33	-0.114651
28.34	-0.0911254
28.35	-0.0524567
28.36	0.0337489
28.37	0.0537804
28.38	0.0581828
28.39	0.0387406
28.4	0.0515697
28.41	0.0806686
28.42	0.0033747
28.43	-0.0189885
28.44	-0.0288418
28.45	-0.0605103
28.46	-0.0838617
28.47	-0.160096
28.48	-0.124447
28.49	-0.114419
28.5	-0.152397
28.51	-0.102399
28.52	-0.126645
28.53	-0.120762
28.54	-0.135444
28.55	-0.126543
28.56	-0.128932
28.57	-0.171883
28.58	-0.151469
28.59	-0.134835
28.6	-0.132094
28.61	-0.104159
28.62	-0.131452
28.63	-0.115922
28.64	-0.104397
28.65	-0.122381
28.66	-0.120056
28.67	-0.108328
28.68	-0.0946194
28.69	-0.133697
28.7	-0.0970805
28.71	-0.0927527
28.72	-0.169159
28.73	-0.121901
28.74	-0.0950966
28.75	-0.0981499
28.76	-0.0382381
28.77	-0.0383389
28.78	-0.0396701
28.79	-0.0860279
28.8	-0.136009
28.81	-0.121392
28.82	-0.0883328
28.83	-0.0761075
28.84	-0.107968
28.85	-0.149758
28.86	-0.131809
28.87	-0.0782696
28.88	0.0158111
28.89	0.067123
28.9	0.0799835
28.91	0.0666331
28.92	0.0244049
28.93	0.0945447
28.94	0.102921
28.95	-0.00208492
28.96	-0.00571784
28.97	-0.0492781
28.98	-0.100915
28.99	-0.141898
29	-0.164407
29.01	-0.0412332
29.02	0.371914
29.03	0.972408
29.04	1.00097
29.05	0.509635
29.06	0.112219
29.07	-0.114517
29.08	-0.134435
29.09	-0.140312
29.1	-0.139153
29.11	-0.0973875
29.12	-0.141988
29.13	-0.152738
29.14	-0.163611
29.15	-0.176374
29.16	-0.141161
29.17	-0.141041
29.18	-0.130955
29.19	-0.110626
29.2	-0.0504096
29.21	0.0198529
29.22	0.0589454
29.23	0.164469
29.24	0.2275
29.25	0.260876
29.26	0.301821
29.27	0.249634
29.28	0.22584
29.29	0.178119
29.3	0.174246
29.31	0.16713
29.32	0.0949211
29.33	0.0940149
29.34	0.0520225
29.35	-0.00741404
29.36	0.0140754
29.37	-0.0127209
29.38	-0.0129836
29.39	0.0135988
29.4	0.0200376
29.41	-0.00828151
29.42	-0.0623901
29.43	0.0109087
29.44	0.0169403
29.45	-0.0655158
29.46	-0.101129
29.47	-0.133994
29.48	-0.164486
29.49	-0.189869
29.5	-0.151417
29.51	-0.0820426
29.52	-0.0579028
29.53	-0.0317411
29.54	-0.0830218
29.55	-0.0402249
29.56	0.0257393
29.57	-0.0283681
29.58	-0.0775237
29.59	-0.112034
29.6	-0.124279
29.61	-0.0869404
29.62	-0.102359
29.63	-0.106598
29.64	-0.110678
29.65	-0.0926088
29.66	-0.113504
29.67	-0.139076
29.68	-0.0994701
29.69	-0.10684
29.7	-0.112565
29.71	-0.0888248
29.72	-0.072226
29.73	0.0094845
29.74	-0.021068
29.75	-0.0540554
29.76	-0.0187002
29.77	-0.000506115
29.78	0.0097168
29.79	-0.0470784
29.8	-0.0726178
29.81	-0.0572241
29.82	-0.0882284
29.83	-0.0802662
29.84	-0.100596
29.85	-0.0811665
29.86	-0.0229956
29.87	-0.0520711
29.88	-0.0566382
29.89	-0.0350139
29.9	-0.0286979
29.91	-0.0646334
29.92	-0.104447
29.93	-0.0627451
29.94	-0.102939
29.95	-0.185231
29.96	-0.189863
29.97	-0.0199172
29.98	0.463727
29.99	0.876263
30	0.7511
30.01	0.267293
30.02	-0.122572
30.03	-0.259625
30.04	-0.252715
30.05	-0.218566
30.06	-0.228645
30.07	-0.251605
30.08	-0.200901
30.09	-0.177283
30.1	-0.131277
30.11	-0.0648004
30.12	-0.051114
30.13	-0.00782664
30.14	-0.0211333
30.15	-0.00804179
30.16	0.0499682
30.17	0.0626972
30.18	0.162348
30.19	0.206875
30.2	0.270381
30.21	0.316664
30.22	0.305202
30.23	0.292625
30.24	0.239678
30.25	0.218122
30.26	0.188951
30.27	0.141545
30.28	0.133966
30.29	0.0632345
30.3	0.0200434
30.31	0.0572382
30.32	0.0640339
30.33	0.0914437
30.34	0.0712924
30.35	0.03124
30.36	0.0083195
30.37	-0.0141316
30.38	0.00504516
30.39	0.0256555
