Time	Lead II
0	0
0.01	0
0.02	0
0.03	0
0.04	0
0.05	0
0.06	0
0.07	0
0.08	0
0.09	0
0.1	0
0.11	0
0.12	0
0.13	0
0.14	0
0.15	0
0.16	0
0.17	0
0.18	0
0.19	0
0.2	0
0.21	0
0.22	0
0.23	0
0.24	0
0.25	0
0.26	0
0.27	0
0.28	0
0.29	0
0.3	0
0.31	0
0.32	0
0.33	0
0.34	0
0.35	0
0.36	0
0.37	0
0.38	0
0.39	0
0.4	0
0.41	0
0.42	0
0.43	0
0.44	0
0.45	0
0.46	0
0.47	0
0.48	0
0.49	0
0.5	0
0.51	0
0.52	0
0.53	0
0.54	0
0.55	0
0.56	0
0.57	0
0.58	0
0.59	0
0.6	0
0.61	0
0.62	0
0.63	0
0.64	0
0.65	0
0.66	0
0.67	0
0.68	0
0.69	0
0.7	0
0.71	0
0.72	0
0.73	0
0.74	0
0.75	0
0.76	0
0.77	0
0.78	0
0.79	0
0.8	0
0.81	0
0.82	0
0.83	0
0.84	0
0.85	0
0.86	0
0.87	0
0.88	0
0.89	0
0.9	0
0.91	0
0.92	0
0.93	0
0.94	0
0.95	0
0.96	0
0.97	0
0.98	0
0.99	0
1	0
1.01	0
1.02	0
1.03	0
1.04	0
1.05	0
1.06	0
1.07	0
1.08	0
1.09	0
1.1	0
1.11	0
1.12	0
1.13	0
1.14	0
1.15	0
1.16	0
1.17	0
1.18	0
1.19	0
1.2	0
1.21	0
1.22	0
1.23	0
1.24	0
1.25	0
1.26	0
1.27	0
1.28	0
1.29	0
1.3	0
1.31	0
1.32	0
1.33	0
1.34	0
1.35	0
1.36	0
1.37	0
1.38	0
1.39	0
1.4	0
1.41	0
1.42	0
1.43	0
1.44	0
1.45	0
1.46	0
1.47	0
1.48	0
1.49	0
1.5	0
1.51	0
1.52	0
1.53	0
1.54	0
1.55	0
1.56	0
1.57	0
1.58	0
1.59	0
1.6	0
1.61	0
1.62	0
1.63	0
1.64	0
1.65	0
1.66	0
1.67	0
1.68	0
1.69	0
1.7	0
1.71	0
1.72	0
1.73	0
1.74	0
1.75	0
1.76	0
1.77	0
1.78	0
1.79	0
1.8	0
1.81	0
1.82	0
1.83	0
1.84	0
1.85	0
1.86	0
1.87	0
1.88	0
1.89	0
1.9	0
1.91	0
1.92	0
1.93	0
1.94	0
1.95	0
1.96	0
1.97	0
1.98	0
1.99	0
2	-0.0102928
2.01	-0.0807374
2.02	-0.041367
2.03	-0.0289751
2.04	-0.00952944
2.05	0.0103065
2.06	-0.0015026
2.07	0.0149363
2.08	-0.0105614
2.09	-0.0205338
2.1	-0.0219154
2.11	-0.0354349
2.12	-0.0179079
2.13	-0.0418682
2.14	-0.0242215
2.15	-0.00505907
2.16	-0.0134831
2.17	0.0191176
2.18	0.0228721
2.19	0.0550316
2.2	0.0913783
2.21	0.0879629
2.22	0.112876
2.23	0.092854
2.24	0.0905729
2.25	0.0889488
2.26	0.0725716
2.27	0.0910803
2.28	0.0703242
2.29	0.0882895
2.3	0.120366
2.31	0.119532
2.32	0.134263
2.33	0.10724
2.34	0.105533
2.35	0.101992
2.36	0.0835768
2.37	0.108327
2.38	0.111075
2.39	0.148274
2.4	0.167468
2.41	0.135611
2.42	0.100301
2.43	0.00638688
2.44	-0.0552387
2.45	-0.096402
2.46	-0.138569
2.47	-0.134912
2.48	-0.156754
2.49	-0.149241
2.5	-0.168774
2.51	-0.209456
2.52	-0.0170946
2.53	0.444283
2.54	0.905482
2.55	0.798162
2.56	0.332484
2.57	0.0203367
2.58	-0.131066
2.59	-0.155599
2.6	-0.155447
2.61	-0.17887
2.62	-0.160043
2.63	-0.17477
2.64	-0.165853
2.65	-0.161655
2.66	-0.173758
2.67	-0.151758
2.68	-0.172303
2.69	-0.167098
2.7	-0.154975
2.71	-0.157764
2.72	-0.126522
2.73	-0.134744
2.74	-0.111455
2.75	-0.0859392
2.76	-0.0827895
2.77	-0.0409024
2.78	-0.0432286
2.79	-0.0406205
2.8	-0.0517037
2.81	-0.0776997
2.82	-0.0642887
2.83	-0.0830677
2.84	-0.0688559
2.85	-0.0590942
2.86	-0.0749887
2.87	-0.0511622
2.88	-0.0639541
2.89	-0.0532195
2.9	-0.0496454
2.91	-0.0536482
2.92	-0.00223268
2.93	-0.000478004
2.94	0.0246646
2.95	0.0600787
2.96	0.0632574
2.97	0.0612796
2.98	-0.00704868
2.99	-0.0542759
3	-0.0957835
3.01	-0.134262
3.02	-0.129541
3.03	-0.16724
3.04	-0.16055
3.05	-0.146456
3.06	-0.181797
3.07	-0.176301
3.08	0.00260435
3.09	0.522666
3.1	0.974466
3.11	0.818393
3.12	0.384433
3.13	0.0345113
3.14	-0.0887906
3.15	-0.117524
3.16	-0.138593
3.17	-0.115022
3.18	-0.127812
3.19	-0.111907
3.2	-0.0911908
3.21	-0.093694
3.22	-0.0750659
3.23	-0.0893149
3.24	-0.066973
3.25	-0.056979
3.26	-0.0997243
3.27	-0.0933198
3.28	-0.0967931
3.29	-0.0582608
3.3	-0.0419694
3.31	-0.0424027
3.32	-0.0105815
3.33	-0.0126193
3.34	0.0158201
3.35	0.0131746
3.36	-0.0173327
3.37	-0.0171543
3.38	-0.0481724
3.39	-0.0443317
3.4	-0.059497
3.41	-0.0661213
3.42	-0.0377234
3.43	-0.0426136
3.44	-0.0175586
3.45	-0.0156647
3.46	-0.0296375
3.47	-0.0171005
3.48	-0.028231
3.49	0.0115934
3.5	0.0350944
3.51	0.0651933
3.52	0.117754
3.53	0.094707
3.54	0.0767567
3.55	0.0191541
3.56	-0.0503776
3.57	-0.0851426
3.58	-0.133584
3.59	-0.11662
3.6	-0.114464
3.61	-0.13321
3.62	-0.130602
3.63	-0.185622
3.64	-0.131537
3.65	0.187062
3.66	0.769798
3.67	1.06452
3.68	0.703622
3.69	0.248547
3.7	-0.0139404
3.71	-0.111679
3.72	-0.113155
3.73	-0.130665
3.74	-0.113583
3.75	-0.120731
3.76	-0.130371
3.77	-0.104653
3.78	-0.11758
3.79	-0.102109
3.8	-0.108243
3.81	-0.110267
3.82	-0.0812973
3.83	-0.0990647
3.84	-0.0803538
3.85	-0.0825955
3.86	-0.0907292
3.87	-0.0604317
3.88	-0.0541076
3.89	-0.00458932
3.9	0.0113623
3.91	0.00553402
3.92	0.0181926
3.93	-0.0122841
3.94	-0.013097
3.95	-0.0361554
3.96	-0.0547464
3.97	-0.0396146
3.98	-0.0607404
3.99	-0.0388814
4	-0.0365591
4.01	-0.0500314
4.02	-0.0325378
4.03	-0.0411342
4.04	-0.0175532
4.05	-0.0221205
4.06	-0.0222946
4.07	0.0113578
4.08	0.016624
4.09	0.0560075
4.1	0.0773715
4.11	0.0916813
4.12	0.104002
4.13	0.0511887
4.14	0.00996662
4.15	-0.0601204
4.16	-0.10641
4.17	-0.103788
4.18	-0.137637
4.19	-0.12626
4.2	-0.132436
4.21	-0.159086
4.22	-0.171933
4.23	-0.0518696
4.24	0.442196
4.25	0.961793
4.26	0.918516
4.27	0.480001
4.28	0.0809084
4.29	-0.0676519
4.3	-0.115129
4.31	-0.121078
4.32	-0.0985011
4.33	-0.118402
4.34	-0.0997141
4.35	-0.108568
4.36	-0.107882
4.37	-0.081429
4.38	-0.101888
4.39	-0.085815
4.4	-0.089693
4.41	-0.0885447
4.42	-0.0720861
4.43	-0.0935149
4.44	-0.065825
4.45	-0.0557689
4.46	-0.0488036
4.47	-0.0201803
4.48	-0.0299215
4.49	0.00130376
4.5	0.0117321
4.51	0.00409988
4.52	0.00444461
4.53	-0.0255738
4.54	-0.0130472
4.55	-0.0232786
4.56	-0.0350362
4.57	-0.0285785
4.58	-0.0529158
4.59	-0.0289319
4.6	-0.0302616
4.61	-0.0307431
4.62	-0.00542175
4.63	-0.0232499
4.64	-0.0113698
4.65	-0.0199727
4.66	-0.0270665
4.67	-0.00383952
4.68	-0.00694859
4.69	0.0387192
4.7	0.0685991
4.71	0.0965727
4.72	0.132005
4.73	0.0931486
4.74	0.0688779
4.75	0.000855031
4.76	-0.0637696
4.77	-0.0786775
4.78	-0.115417
4.79	-0.109159
4.8	-0.122414
4.81	-0.12601
4.82	-0.127906
4.83	-0.167074
4.84	0.0578586
4.85	0.585685
4.86	1.01633
4.87	0.849423
4.88	0.354666
4.89	0.0532949
4.9	-0.0630874
4.91	-0.0954166
4.92	-0.0959038
4.93	-0.122293
4.94	-0.0974741
4.95	-0.100441
4.96	-0.104335
4.97	-0.0907252
4.98	-0.109118
4.99	-0.082691
5	-0.0901318
5.01	-0.0994219
5.02	-0.0772414
5.03	-0.084568
5.04	-0.0588092
5.05	-0.0627323
5.06	-0.059745
5.07	-0.0380327
5.08	-0.0450355
5.09	-0.00127688
5.1	0.0077315
5.11	0.00651941
5.12	0.0187627
5.13	-0.0062353
5.14	4.34858e-05
5.15	-0.0213395
5.16	-0.036705
5.17	-0.0244065
5.18	-0.0421048
5.19	-0.0220265
5.2	-0.0366132
5.21	-0.0377445
5.22	-0.00552681
5.23	-0.0224308
5.24	-0.00646891
5.25	-0.0154343
5.26	-0.0187006
5.27	-0.00542418
5.28	-0.0351176
5.29	-0.0175013
5.3	-0.0129056
5.31	-0.000208834
5.32	0.0434996
5.33	0.043878
5.34	0.0920289
5.35	0.117346
5.36	0.102425
5.37	0.0739099
5.38	-0.00522434
5.39	-0.0352366
5.4	-0.0702589
5.41	-0.094921
5.42	-0.098641
5.43	-0.129608
5.44	-0.110776
5.45	-0.136443
5.46	-0.150801
5.47	0.0601387
5.48	0.565379
5.49	1.03413
5.5	0.860585
5.51	0.387504
5.52	0.0712427
5.53	-0.0749483
5.54	-0.0830821
5.55	-0.105552
5.56	-0.116034
5.57	-0.106016
5.58	-0.135419
5.59	-0.111594
5.6	-0.109326
5.61	-0.10238
5.62	-0.0817278
5.63	-0.108768
5.64	-0.08985
5.65	-0.0921131
5.66	-0.0934538
5.67	-0.0750248
5.68	-0.0914552
5.69	-0.0628878
5.7	-0.057917
5.71	-0.047206
5.72	-0.0164342
5.73	-0.0270645
5.74	-0.00517715
5.75	-0.0163506
5.76	-0.0255858
5.77	-0.0170259
5.78	-0.035817
5.79	-0.0137517
5.8	-0.023946
5.81	-0.0272343
5.82	-0.0105397
5.83	-0.0361707
5.84	-0.0198437
5.85	-0.0249736
5.86	-0.0236408
5.87	-0.00169135
5.88	-0.0208847
5.89	-0.00461706
5.9	-0.0252705
5.91	-0.0425495
5.92	-0.0325742
5.93	-0.0395858
5.94	0.0114768
5.95	0.0374789
5.96	0.0671112
5.97	0.114789
5.98	0.100439
5.99	0.0872299
6	0.0257149
6.01	-0.0416749
6.02	-0.0754926
6.03	-0.11809
6.04	-0.101788
6.05	-0.112217
6.06	-0.121929
6.07	-0.132075
6.08	-0.178274
6.09	-0.00174064
6.1	0.471284
6.11	0.979077
6.12	0.934124
6.13	0.457038
6.14	0.11502
6.15	-0.0551267
6.16	-0.116818
6.17	-0.111398
6.18	-0.131869
6.19	-0.109382
6.2	-0.109947
6.21	-0.104745
6.22	-0.0886569
6.23	-0.106838
6.24	-0.0856001
6.25	-0.0988791
6.26	-0.101487
6.27	-0.0756135
6.28	-0.0908983
6.29	-0.0734238
6.3	-0.083873
6.31	-0.0855546
6.32	-0.0672678
6.33	-0.0798315
6.34	-0.0482081
6.35	-0.0445903
6.36	-0.0345946
6.37	-0.010991
6.38	-0.0250468
6.39	-0.011203
6.4	-0.0384149
6.41	-0.0520436
6.42	-0.0384835
6.43	-0.0597137
6.44	-0.0387236
6.45	-0.0392705
6.46	-0.0278939
6.47	-0.00941477
6.48	-0.0324513
6.49	-0.0201441
6.5	-0.0397122
6.51	-0.0480579
6.52	-0.0374169
6.53	-0.061495
6.54	-0.0370578
6.55	-0.0399386
6.56	-0.0284341
6.57	0.0117605
6.58	0.0194884
6.59	0.0836017
6.6	0.112991
6.61	0.111938
6.62	0.0861465
6.63	0.00277202
6.64	-0.0374171
6.65	-0.0867113
6.66	-0.109238
6.67	-0.10287
6.68	-0.135064
6.69	-0.123495
6.7	-0.149355
6.71	-0.157054
6.72	0.0556456
6.73	0.557558
6.74	1.02901
6.75	0.864589
6.76	0.393822
6.77	0.0717561
6.78	-0.0859789
6.79	-0.100518
6.8	-0.116845
6.81	-0.123901
6.82	-0.110755
6.83	-0.118348
6.84	-0.0879595
6.85	-0.108006
6.86	-0.117521
6.87	-0.100569
6.88	-0.111653
6.89	-0.0840452
6.9	-0.0899439
6.91	-0.0885873
6.92	-0.0711329
6.93	-0.0911268
6.94	-0.0760465
6.95	-0.0883812
6.96	-0.0816546
6.97	-0.0476154
6.98	-0.0453763
6.99	-0.0130909
7	-0.0168701
7.01	-0.0121662
7.02	-0.00370455
7.03	-0.0410616
7.04	-0.0284803
7.05	-0.0361267
7.06	-0.0342147
7.07	-0.0117481
7.08	-0.0233866
7.09	0.00451423
7.1	-0.0166264
7.11	-0.0367949
7.12	-0.0266409
7.13	-0.0532362
7.14	-0.0405257
7.15	-0.0518057
7.16	-0.0567547
7.17	-0.0394641
7.18	-0.0441871
7.19	-0.015639
7.2	-0.0177703
7.21	0.00225504
7.22	0.0568601
7.23	0.0818492
7.24	0.118694
7.25	0.0790233
7.26	0.0292008
7.27	-0.0181795
7.28	-0.0892211
7.29	-0.10273
7.3	-0.133758
7.31	-0.13707
7.32	-0.112505
7.33	-0.135661
7.34	-0.142938
7.35	-0.0837801
7.36	0.270377
7.37	0.778876
7.38	0.79385
7.39	0.446574
7.4	0.10835
7.41	-0.0469089
7.42	-0.0797577
7.43	-0.106341
7.44	-0.0879311
7.45	-0.11041
7.46	-0.114829
7.47	-0.0959088
7.48	-0.106954
7.49	-0.0789014
7.5	-0.0868988
7.51	-0.0780299
7.52	-0.0527055
7.53	-0.0678091
7.54	-0.0432325
7.55	-0.0481737
7.56	-0.0452334
7.57	-0.0213285
7.58	-0.0237479
7.59	0.00927965
7.6	0.00962036
7.61	0.0174265
7.62	0.0349394
7.63	0.00167503
7.64	0.00620009
7.65	-0.0125623
7.66	-0.0240067
7.67	-0.0215321
7.68	-0.0365771
7.69	-0.00383741
7.7	-0.0173049
7.71	-0.0284674
7.72	-0.0201534
7.73	-0.0354922
7.74	-0.00926275
7.75	-0.0247765
7.76	-0.0382036
7.77	-0.0335169
7.78	-0.0602487
7.79	-0.0433226
7.8	-0.0558297
7.81	-0.0462733
7.82	-0.0107622
7.83	0.0023692
7.84	0.0643958
7.85	0.0967937
7.86	0.113232
7.87	0.0977845
7.88	0.0166387
7.89	-0.0220276
7.9	-0.0775662
7.91	-0.110417
7.92	-0.109721
7.93	-0.131482
7.94	-0.113658
7.95	-0.136592
7.96	-0.172993
7.97	-0.109179
7.98	0.219355
7.99	0.753057
8	0.813391
8.01	0.456081
8.02	0.125622
8.03	-0.0589833
8.04	-0.0927834
8.05	-0.117709
8.06	-0.11333
8.07	-0.108251
8.08	-0.131862
8.09	-0.0976011
8.1	-0.0976274
8.11	-0.0964503
8.12	-0.08393
8.13	-0.10376
8.14	-0.0763365
8.15	-0.0775809
8.16	-0.0660162
8.17	-0.0426878
8.18	-0.0428233
8.19	-0.00758963
8.2	-0.022904
8.21	-0.0239157
8.22	0.00468635
8.23	0.000765454
8.24	0.0213661
8.25	0.0079769
8.26	0.00522
8.27	0.00507518
8.28	-0.0277412
8.29	-0.0143748
8.3	-0.0306846
8.31	-0.032998
8.32	-0.0164563
8.33	-0.0263126
8.34	-0.00800386
8.35	-0.0281373
8.36	-0.0240323
8.37	-0.0126732
8.38	-0.0394223
8.39	-0.0312302
8.4	-0.0548509
8.41	-0.0548982
8.42	-0.041704
8.43	-0.0657215
8.44	-0.0392335
8.45	-0.0287901
8.46	0.00458091
8.47	0.0561526
8.48	0.0784889
8.49	0.121057
8.5	0.0848251
8.51	0.0372446
8.52	-0.00443467
8.53	-0.0715313
8.54	-0.0841667
8.55	-0.11972
8.56	-0.122119
8.57	-0.109686
8.58	-0.141655
8.59	-0.157779
8.6	-0.132656
8.61	0.190851
8.62	0.721291
8.63	0.825339
8.64	0.504995
8.65	0.139388
8.66	-0.0301462
8.67	-0.0795774
8.68	-0.119899
8.69	-0.103232
8.7	-0.119309
8.71	-0.11673
8.72	-0.0997963
8.73	-0.11533
8.74	-0.0897069
8.75	-0.0917205
8.76	-0.0790695
8.77	-0.0615792
8.78	-0.0825769
8.79	-0.0634066
8.8	-0.0670838
8.81	-0.0492928
8.82	-0.0530234
8.83	-0.0542812
8.84	-0.0159854
8.85	-0.016399
8.86	0.00575699
8.87	0.0135422
8.88	-0.00293884
8.89	0.0152648
8.9	-0.00857982
8.91	-0.0113186
8.92	-0.019282
8.93	-0.036644
8.94	-0.0172919
8.95	-0.0356174
8.96	-0.0228378
8.97	-0.0164475
8.98	-0.0269444
8.99	-0.00413373
9	-0.0316033
9.01	-0.02805
9.02	-0.0276847
9.03	-0.0516341
9.04	-0.0320113
9.05	-0.0276865
9.06	0.00729287
9.07	0.0450025
9.08	0.0773039
9.09	0.12832
9.1	0.102338
9.11	0.0659922
9.12	0.00209358
9.13	-0.0670452
9.14	-0.0818966
9.15	-0.118594
9.16	-0.116574
9.17	-0.124366
9.18	-0.144549
9.19	-0.15259
9.2	-0.182986
9.21	0.0416325
9.22	0.55734
9.23	0.867276
9.24	0.657182
9.25	0.232072
9.26	-0.00379977
9.27	-0.0845559
9.28	-0.127455
9.29	-0.116885
9.3	-0.1268
9.31	-0.109604
9.32	-0.107132
9.33	-0.122061
9.34	-0.096315
9.35	-0.108699
9.36	-0.095381
9.37	-0.0864798
9.38	-0.089743
9.39	-0.0575248
9.4	-0.0682948
9.41	-0.0451915
9.42	-0.0344142
9.43	-0.0414944
9.44	-0.0162425
9.45	-0.0352525
9.46	-0.0174375
9.47	-0.00422241
9.48	-0.010262
9.49	0.0145887
9.5	-0.011856
9.51	-0.0172999
9.52	-0.0287794
9.53	-0.047214
9.54	-0.0253966
9.55	-0.0461608
9.56	-0.0382617
9.57	-0.0274918
9.58	-0.0255971
9.59	-0.0123581
9.6	-0.0455121
9.61	-0.0436576
9.62	-0.0430293
9.63	-0.0426679
9.64	0.00559391
9.65	0.0173381
9.66	0.0652339
9.67	0.107032
9.68	0.116681
9.69	0.119126
9.7	0.0397721
9.71	-0.0166483
9.72	-0.066318
9.73	-0.10837
9.74	-0.0964585
9.75	-0.117085
9.76	-0.114167
9.77	-0.125913
9.78	-0.180676
9.79	-0.131093
9.8	0.169999
9.81	0.711455
9.82	0.860364
9.83	0.50746
9.84	0.158708
9.85	-0.0542963
9.86	-0.105386
9.87	-0.117296
9.88	-0.135949
9.89	-0.110501
9.9	-0.119273
9.91	-0.100779
9.92	-0.0942137
9.93	-0.105125
9.94	-0.0826727
9.95	-0.100263
9.96	-0.0888598
9.97	-0.0797749
9.98	-0.0744776
9.99	-0.038469
10	-0.0528985
10.01	-0.0392257
10.02	-0.032088
10.03	-0.039988
10.04	-0.00902393
10.05	-0.0132518
10.06	0.0106913
10.07	0.00352572
10.08	-0.0227369
10.09	-0.00249847
10.1	-0.0252696
10.11	-0.024469
10.12	-0.0325381
10.13	-0.0427482
10.14	-0.0136282
10.15	-0.0371121
10.16	-0.0298236
10.17	-0.0248639
10.18	-0.0428536
10.19	-0.0324868
10.2	-0.0499438
10.21	-0.0171418
10.22	0.00751771
10.23	0.0241393
10.24	0.0908322
10.25	0.109112
10.26	0.122283
10.27	0.0781976
10.28	0.00181998
10.29	-0.0292752
10.3	-0.0887529
10.31	-0.103612
10.32	-0.110097
10.33	-0.121184
10.34	-0.10723
10.35	-0.15053
10.36	-0.18052
10.37	-0.0564007
10.38	0.381612
10.39	0.851569
10.4	0.741412
10.41	0.353395
10.42	0.048934
10.43	-0.0936999
10.44	-0.107982
10.45	-0.129737
10.46	-0.116854
10.47	-0.116201
10.48	-0.121512
10.49	-0.091258
10.5	-0.109815
10.51	-0.0907991
10.52	-0.0867171
10.53	-0.0990661
10.54	-0.0741845
10.55	-0.0827944
10.56	-0.0571878
10.57	-0.0523338
10.58	-0.0555166
10.59	-0.0230953
10.6	-0.0398446
10.61	-0.0202653
10.62	-0.00892239
10.63	-0.013012
10.64	0.010102
10.65	-0.0115382
10.66	-0.0022656
10.67	-0.0118782
10.68	-0.0359968
10.69	-0.0201711
10.7	-0.0401081
10.71	-0.0214695
10.72	-0.0154809
10.73	-0.0288424
10.74	-0.0100851
10.75	-0.0341163
10.76	-0.0289502
10.77	-0.0332201
10.78	-0.0395091
10.79	0.00255491
10.8	0.00640179
10.81	0.0521463
10.82	0.102341
10.83	0.115353
10.84	0.107264
10.85	0.0290657
10.86	-0.020876
10.87	-0.0672153
10.88	-0.101737
10.89	-0.0957385
10.9	-0.124551
10.91	-0.119459
10.92	-0.135354
10.93	-0.183521
10.94	-0.144762
10.95	0.113583
10.96	0.652258
10.97	0.859446
10.98	0.54099
10.99	0.177829
11	-0.0479064
11.01	-0.097661
11.02	-0.11606
11.03	-0.130523
11.04	-0.0999379
11.05	-0.1194
11.06	-0.107365
11.07	-0.105203
11.08	-0.11403
11.09	-0.0906363
11.1	-0.0968815
11.11	-0.0739616
11.12	-0.0699313
11.13	-0.0777451
11.14	-0.0561059
11.15	-0.0728998
11.16	-0.0466059
11.17	-0.035947
11.18	-0.0409169
11.19	-0.0104403
11.2	-0.0172173
11.21	0.00182577
11.22	-0.0018543
11.23	-0.027738
11.24	-0.0158046
11.25	-0.0354013
11.26	-0.0264437
11.27	-0.0304929
11.28	-0.0399927
11.29	-0.0155705
11.3	-0.0338288
11.31	-0.0277374
11.32	-0.0392714
11.33	-0.0545107
11.34	-0.0282893
11.35	-0.0271858
11.36	0.00992189
11.37	0.033323
11.38	0.0664224
11.39	0.125946
11.4	0.114646
11.41	0.0989437
11.42	0.0368715
11.43	-0.0408634
11.44	-0.0611709
11.45	-0.101021
11.46	-0.107668
11.47	-0.122048
11.48	-0.131939
11.49	-0.124543
11.5	-0.181461
11.51	-0.0830562
11.52	0.306584
11.53	0.775468
11.54	0.791506
11.55	0.389892
11.56	0.078504
11.57	-0.0623549
11.58	-0.107802
11.59	-0.0917147
11.6	-0.109701
11.61	-0.0988597
11.62	-0.0982461
11.63	-0.101234
11.64	-0.0790545
11.65	-0.0963636
11.66	-0.0770843
11.67	-0.0842164
11.68	-0.101715
11.69	-0.0759562
11.7	-0.0900986
11.71	-0.0637484
11.72	-0.0508595
11.73	-0.0475827
11.74	-0.0173149
11.75	-0.0259734
11.76	-0.00141993
11.77	-0.00043127
11.78	-0.00799631
11.79	0.0148203
11.8	-0.0132841
11.81	-0.0174053
11.82	-0.0278568
11.83	-0.0388591
11.84	-0.0168194
11.85	-0.0372315
11.86	-0.0259194
11.87	-0.0292386
11.88	-0.0402304
11.89	-0.0213914
11.9	-0.0475922
11.91	-0.0297756
11.92	-0.0123223
11.93	0.00261214
11.94	0.0542359
11.95	0.0750239
11.96	0.118662
11.97	0.0998362
11.98	0.0398983
11.99	0.00311811
12	-0.0628177
12.01	-0.0777697
12.02	-0.0981006
12.03	-0.121145
12.04	-0.109709
12.05	-0.13896
12.06	-0.165704
12.07	-0.155131
12.08	0.10673
12.09	0.625822
12.1	0.790315
12.11	0.505898
12.12	0.141116
12.13	-0.0572504
12.14	-0.0949448
12.15	-0.124627
12.16	-0.110647
12.17	-0.110218
12.18	-0.117062
12.19	-0.0912282
12.2	-0.112461
12.21	-0.0949561
12.22	-0.0930042
12.23	-0.0987278
12.24	-0.0723
12.25	-0.0775595
12.26	-0.0513229
12.27	-0.0575615
12.28	-0.0690143
12.29	-0.0430471
12.3	-0.0501315
12.31	-0.0172787
12.32	-0.00602807
12.33	-0.00790718
12.34	0.018318
12.35	-0.00280331
12.36	0.00724804
12.37	-0.0089298
12.38	-0.0431159
12.39	-0.0371239
12.4	-0.0497877
12.41	-0.0203261
12.42	-0.0194835
12.43	-0.0283487
12.44	-0.0146361
12.45	-0.0412382
12.46	-0.0255156
12.47	-0.0280652
12.48	-0.0220335
12.49	0.0227414
12.5	0.0252414
12.51	0.068389
12.52	0.103182
12.53	0.113613
12.54	0.105743
12.55	0.0338104
12.56	-0.00660093
12.57	-0.059787
12.58	-0.0945981
12.59	-0.0857736
12.6	-0.115648
12.61	-0.113935
12.62	-0.136512
12.63	-0.175637
12.64	-0.106191
12.65	0.1875
12.66	0.68369
12.67	0.770661
12.68	0.425023
12.69	0.109311
12.7	-0.0723824
12.71	-0.104698
12.72	-0.117009
12.73	-0.124377
12.74	-0.0976752
12.75	-0.114183
12.76	-0.103066
12.77	-0.106969
12.78	-0.109787
12.79	-0.0864086
12.8	-0.102827
12.81	-0.0826891
12.82	-0.0786795
12.83	-0.0766562
12.84	-0.0460861
12.85	-0.0480725
12.86	-0.0209428
12.87	-0.0193107
12.88	-0.0140977
12.89	0.0223681
12.9	0.00647445
12.91	0.0138389
12.92	-0.000541902
12.93	-0.0161893
12.94	-0.00342407
12.95	-0.0331153
12.96	-0.0317529
12.97	-0.0430206
12.98	-0.0410918
12.99	-0.0166356
13	-0.0431746
13.01	-0.0286423
13.02	-0.0251876
13.03	-0.0321289
13.04	-0.0168771
13.05	-0.0426093
13.06	-0.0266549
13.07	-0.0233737
13.08	-0.0211292
13.09	0.00982327
13.1	0.0213422
13.11	0.0796708
13.12	0.108653
13.13	0.091715
13.14	0.0621703
13.15	-0.0186914
13.16	-0.0542967
13.17	-0.0970975
13.18	-0.122773
13.19	-0.112584
13.2	-0.137402
13.21	-0.131171
13.22	-0.165347
13.23	-0.124509
13.24	0.217438
13.25	0.732834
13.26	0.941711
13.27	0.591118
13.28	0.166331
13.29	-0.0300554
13.3	-0.113972
13.31	-0.113894
13.32	-0.121724
13.33	-0.120479
13.34	-0.103914
13.35	-0.126719
13.36	-0.108006
13.37	-0.11657
13.38	-0.121357
13.39	-0.0968734
13.4	-0.113731
13.41	-0.0908189
13.42	-0.0844946
13.43	-0.0874439
13.44	-0.0660041
13.45	-0.0793038
13.46	-0.052263
13.47	-0.0396755
13.48	-0.0289801
13.49	0.000414118
13.5	-0.00837025
13.51	0.0199773
13.52	0.00924427
13.53	-0.0169428
13.54	-0.0163927
13.55	-0.0445252
13.56	-0.0299445
13.57	-0.0381826
13.58	-0.0461744
13.59	-0.02795
13.6	-0.047988
13.61	-0.0365404
13.62	-0.0421765
13.63	-0.0443744
13.64	-0.018877
13.65	-0.0361581
13.66	-0.0178669
13.67	-0.0104901
13.68	-0.00581782
13.69	0.056696
13.7	0.092156
13.71	0.134217
13.72	0.111345
13.73	0.0752181
13.74	0.0362758
13.75	-0.0375282
13.76	-0.0653379
13.77	-0.104965
13.78	-0.112702
13.79	-0.112378
13.8	-0.134807
13.81	-0.135506
13.82	-0.167361
13.83	0.00483418
13.84	0.48951
13.85	0.924523
13.86	0.842298
13.87	0.385417
13.88	0.0528528
13.89	-0.0779204
13.9	-0.136636
13.91	-0.11593
13.92	-0.123641
13.93	-0.115532
13.94	-0.104007
13.95	-0.131288
13.96	-0.108789
13.97	-0.115935
13.98	-0.107209
13.99	-0.09185
14	-0.104187
14.01	-0.0775587
14.02	-0.0843641
14.03	-0.0699922
14.04	-0.0471326
14.05	-0.0608901
14.06	-0.0238765
14.07	-0.0133321
14.08	0.00318568
14.09	0.0145976
14.1	-0.0109698
14.11	0.0146012
14.12	-0.00538308
14.13	-0.0168172
14.14	-0.0137885
14.15	-0.0396734
14.16	-0.0283714
14.17	-0.0459577
14.18	-0.0431152
14.19	-0.0266505
14.2	-0.0424122
14.21	-0.021483
14.22	-0.0320635
14.23	-0.0286975
14.24	-0.010879
14.25	-0.0313923
14.26	-0.0240827
14.27	-0.044645
14.28	-0.0356839
14.29	-0.0107152
14.3	-0.00796433
14.31	0.0405783
14.32	0.0662502
14.33	0.109453
14.34	0.119752
14.35	0.0571694
14.36	0.0210342
14.37	-0.0418774
14.38	-0.0734559
14.39	-0.0879383
14.4	-0.121208
14.41	-0.10304
14.42	-0.11943
14.43	-0.149567
14.44	-0.138658
14.45	0.0823773
14.46	0.629023
14.47	0.962279
14.48	0.722506
14.49	0.276556
14.5	-0.0219468
14.51	-0.0924421
14.52	-0.124865
14.53	-0.11885
14.54	-0.106598
14.55	-0.132539
14.56	-0.113912
14.57	-0.128102
14.58	-0.122873
14.59	-0.104065
14.6	-0.11649
14.61	-0.0937598
14.62	-0.0972602
14.63	-0.0845073
14.64	-0.0719616
14.65	-0.0817204
14.66	-0.0490809
14.67	-0.0550446
14.68	-0.0354397
14.69	-0.00479654
14.7	-0.0142109
14.71	0.0165514
14.72	0.0053059
14.73	-0.00115068
14.74	-0.00544308
14.75	-0.0423872
14.76	-0.0318625
14.77	-0.0549171
14.78	-0.0600808
14.79	-0.0507952
14.8	-0.0634604
14.81	-0.0347463
14.82	-0.0527506
14.83	-0.0512601
14.84	-0.0415427
14.85	-0.0685674
14.86	-0.0431107
14.87	-0.0548639
14.88	-0.0557091
14.89	-0.0450357
14.9	-0.0675556
14.91	-0.0498531
14.92	-0.0629226
14.93	-0.0533359
14.94	-0.0220924
14.95	-0.00729597
14.96	0.0607944
14.97	0.0919293
14.98	0.110549
14.99	0.0927748
15	0.017461
15.01	-0.0158995
15.02	-0.0775278
15.03	-0.10694
15.04	-0.109718
15.05	-0.131738
15.06	-0.102058
15.07	-0.135596
15.08	-0.162501
15.09	0.00272756
15.1	0.44761
15.11	0.923343
15.12	0.817333
15.13	0.389082
15.14	0.0692093
15.15	-0.0806022
15.16	-0.0903129
15.17	-0.111478
15.18	-0.114092
15.19	-0.104348
15.2	-0.115694
15.21	-0.0908959
15.22	-0.106005
15.23	-0.0972046
15.24	-0.0818411
15.25	-0.10074
15.26	-0.0758172
15.27	-0.083548
15.28	-0.0708319
15.29	-0.0525372
15.3	-0.0588047
15.31	-0.0213683
15.32	-0.0144641
15.33	-0.000250197
15.34	0.0136917
15.35	0.0104981
15.36	0.0406941
15.37	0.0230323
15.38	0.0201182
15.39	0.00859038
15.4	-0.0308523
15.41	-0.0158468
15.42	-0.0347883
15.43	-0.0366809
15.44	-0.023771
15.45	-0.0401045
15.46	-0.0225764
15.47	-0.0408582
15.48	-0.0347946
15.49	-0.0158191
15.5	-0.0322162
15.51	-0.012303
15.52	-0.0236259
15.53	-0.0244291
15.54	-0.0266463
15.55	-0.0499074
15.56	-0.0262373
15.57	-0.0298904
15.58	-0.00590438
15.59	0.0315973
15.6	0.0548281
15.61	0.10773
15.62	0.0866698
15.63	0.053843
15.64	0.00527638
15.65	-0.0676282
15.66	-0.0851948
15.67	-0.123555
15.68	-0.129261
15.69	-0.121135
15.7	-0.142079
15.71	-0.144788
15.72	-0.139412
15.73	0.126083
15.74	0.654806
15.75	0.931057
15.76	0.684054
15.77	0.231704
15.78	-0.0198107
15.79	-0.0949101
15.8	-0.130512
15.81	-0.109026
15.82	-0.127985
15.83	-0.12608
15.84	-0.110463
15.85	-0.120097
15.86	-0.0958201
15.87	-0.112563
15.88	-0.0978553
15.89	-0.0758261
15.9	-0.0820438
15.91	-0.0494927
15.92	-0.0602224
15.93	-0.0503183
15.94	-0.0343436
15.95	-0.0348355
15.96	0.0137585
15.97	0.0212392
15.98	0.039864
15.99	0.0558243
16	0.0330805
16.01	0.0399772
16.02	0.00608278
16.03	-0.00123327
16.04	0.00447755
16.05	-0.019589
16.06	-0.0111069
16.07	-0.0373282
16.08	-0.0425935
16.09	-0.0349911
16.1	-0.0430869
16.11	-0.00824127
16.12	-0.0210174
16.13	-0.0272567
16.14	-0.0249819
16.15	-0.0417267
16.16	-0.0214111
16.17	-0.040293
16.18	-0.0414414
16.19	-0.0418722
16.2	-0.0716488
16.21	-0.0559961
16.22	-0.0733421
16.23	-0.0761343
16.24	-0.0561384
16.25	-0.0419427
16.26	0.0113933
16.27	0.020734
16.28	0.0584121
16.29	0.0824023
16.3	0.0380535
16.31	0.0127382
16.32	-0.0465314
16.33	-0.0773948
16.34	-0.0903342
16.35	-0.112016
16.36	-0.0952352
16.37	-0.114175
16.38	-0.134044
16.39	-0.142428
16.4	-0.0029508
16.41	0.457178
16.42	0.900575
16.43	0.840172
16.44	0.409285
16.45	0.0479128
16.46	-0.0655416
16.47	-0.110557
16.48	-0.118622
16.49	-0.121165
16.5	-0.140076
16.51	-0.111545
16.52	-0.125321
16.53	-0.119317
16.54	-0.108843
16.55	-0.133737
16.56	-0.120597
16.57	-0.129654
16.58	-0.10502
16.59	-0.0842002
16.6	-0.0965614
16.61	-0.0614291
16.62	-0.0589901
16.63	-0.0402043
16.64	-0.0172614
16.65	-0.0196493
16.66	0.0177867
16.67	0.0150847
16.68	0.0160253
16.69	0.00559256
16.7	-0.0309023
16.71	-0.0188494
16.72	-0.0432394
16.73	-0.050339
16.74	-0.0540269
16.75	-0.0730985
16.76	-0.0408719
16.77	-0.0478006
16.78	-0.0362596
16.79	-0.0265515
16.8	-0.0393298
16.81	-0.00898201
16.82	-0.024894
16.83	-0.0312246
16.84	-0.0186081
16.85	-0.0346874
16.86	-0.0256475
16.87	-0.0537686
16.88	-0.0520904
16.89	-0.0486292
16.9	-0.0649345
16.91	-0.0393938
16.92	-0.0410939
16.93	-0.0125636
16.94	0.0147325
16.95	0.0278925
16.96	0.0848709
16.97	0.0721078
16.98	0.0462078
16.99	0.0073384
17	-0.058652
17.01	-0.0807174
17.02	-0.123218
17.03	-0.13045
17.04	-0.128858
17.05	-0.148012
17.06	-0.147221
17.07	-0.166095
17.08	0.0540772
17.09	0.560906
17.1	0.922229
17.11	0.752885
17.12	0.292971
17.13	0.00103865
17.14	-0.0998168
17.15	-0.140185
17.16	-0.120639
17.17	-0.134532
17.18	-0.125397
17.19	-0.114463
17.2	-0.117959
17.21	-0.0792715
17.22	-0.10196
17.23	-0.104281
17.24	-0.100899
17.25	-0.113076
17.26	-0.0849911
17.27	-0.0878132
17.28	-0.0640454
17.29	-0.0374438
17.3	-0.0486007
17.31	-0.0197059
17.32	-0.0162539
17.33	0.0142097
17.34	0.0392935
17.35	0.022679
17.36	0.028621
17.37	0.00506967
17.38	0.00877824
17.39	-0.00199908
17.4	-0.0342433
17.41	-0.0236577
17.42	-0.0541681
17.43	-0.0620337
17.44	-0.058551
17.45	-0.0673356
17.46	-0.0256064
17.47	-0.0358086
17.48	-0.0371231
17.49	-0.0236296
17.5	-0.0211576
17.51	-0.00431654
17.52	-0.0460775
17.53	-0.0504236
17.54	-0.0452216
17.55	-0.0716656
17.56	-0.0538233
17.57	-0.06515
17.58	-0.051747
17.59	-0.0481274
17.6	-0.0676366
17.61	-0.0386692
17.62	-0.0413649
17.63	-0.0112095
17.64	0.0485497
17.65	0.0889488
17.66	0.156441
17.67	0.147324
17.68	0.125379
17.69	0.0854161
17.7	0.0406622
17.71	0.0565928
17.72	0.0229477
17.73	0.000516848
17.74	-0.00960943
17.75	-0.0271402
17.76	-0.0527295
17.77	-0.0551772
17.78	0.247862
17.79	0.783605
17.8	0.993317
17.81	0.68052
17.82	0.218776
17.83	-0.0241374
17.84	-0.0977545
17.85	-0.11469
17.86	-0.0719958
17.87	-0.077968
17.88	-0.0666811
17.89	-0.0540612
17.9	-0.0695831
17.91	-0.0442649
17.92	-0.0523981
17.93	-0.0301571
17.94	-0.0117543
17.95	-0.0287811
17.96	0.000158647
17.97	-0.00552241
17.98	0.00920569
17.99	0.0235274
18	0.0158707
18.01	0.04878
18.02	0.0500969
18.03	0.0644922
18.04	0.0617553
18.05	0.0375818
18.06	0.0472911
18.07	0.00913538
18.08	-0.015982
18.09	-0.0330554
18.1	-0.0613535
18.11	-0.0535426
18.12	-0.0790114
18.13	-0.0737349
18.14	-0.0743175
18.15	-0.0916664
18.16	-0.0668664
18.17	-0.0787189
18.18	-0.078698
18.19	-0.0747357
18.2	-0.0760505
18.21	-0.0383228
18.22	-0.042704
18.23	-0.0281283
18.24	-0.00933964
18.25	-0.0179703
18.26	0.00458396
18.27	-0.00355973
18.28	0.0179692
18.29	0.0336263
18.3	0.0179487
18.31	0.047202
18.32	0.0642023
18.33	0.107846
18.34	0.145016
18.35	0.169941
18.36	0.210321
18.37	0.17555
18.38	0.141942
18.39	0.090058
18.4	0.013193
18.41	-0.0085617
18.42	-0.0414585
18.43	-0.0343653
18.44	-0.0311268
18.45	-0.0712043
18.46	-0.0635532
18.47	0.0643483
18.48	0.499942
18.49	0.982801
18.5	0.932198
18.51	0.527824
18.52	0.181715
18.53	0.0590062
18.54	0.0377686
18.55	0.0250837
18.56	0.0615982
18.57	0.0668909
18.58	0.0873997
18.59	0.101934
18.6	0.0867722
18.61	0.104887
18.62	0.0777513
18.63	0.0721604
18.64	0.0757309
18.65	0.0662739
18.66	0.0864938
18.67	0.0622143
18.68	0.0557583
18.69	0.0551712
18.7	0.043964
18.71	0.0840564
18.72	0.0925227
18.73	0.117375
18.74	0.12951
18.75	0.106416
18.76	0.0946669
18.77	0.0499607
18.78	0.0369343
18.79	0.0130318
18.8	-0.0223384
18.81	-0.0140265
18.82	-0.0423475
18.83	-0.0464253
18.84	-0.0562525
18.85	-0.0871448
18.86	-0.0798699
18.87	-0.102189
18.88	-0.0914505
18.89	-0.0822055
18.9	-0.0906093
18.91	-0.0413512
18.92	-0.0217852
18.93	0.000812711
18.94	-0.0117634
18.95	-0.0226077
18.96	-0.00601084
18.97	-0.0360504
18.98	-0.0394493
18.99	-0.0607783
19	-0.0881121
19.01	-0.089927
19.02	-0.135543
19.03	-0.142216
19.04	-0.172042
19.05	-0.205892
19.06	-0.204701
19.07	-0.27084
19.08	-0.332718
19.09	-0.422858
19.1	-0.516219
19.11	-0.557168
19.12	-0.59718
19.13	-0.566256
19.14	-0.532247
19.15	-0.518979
19.16	-0.513012
19.17	-0.463048
19.18	-0.111863
19.19	0.43154
19.2	0.650351
19.21	0.362699
19.22	-0.0417335
19.23	-0.221444
19.24	-0.292455
19.25	-0.31313
19.26	-0.247077
19.27	-0.217889
19.28	-0.188447
19.29	-0.180688
19.3	-0.155644
19.31	-0.117803
19.32	-0.206642
19.33	-0.280547
19.34	-0.280827
19.35	-0.180891
19.36	-0.024516
19.37	0.0217863
19.38	0.0237699
19.39	-0.0243649
19.4	-0.0780957
19.41	-0.0785032
19.42	-0.0902412
19.43	-0.0472554
19.44	-0.0290211
19.45	-0.0230327
19.46	0.00303809
19.47	-0.0132124
19.48	0.00698469
19.49	0.00130805
19.5	-0.00846277
19.51	0.0187755
19.52	0.0234377
19.53	0.0597605
19.54	0.0672151
19.55	0.0580848
19.56	0.0685526
19.57	0.0382697
19.58	0.0343688
19.59	0.0077643
19.6	-0.0239516
19.61	-0.0138724
19.62	-0.0409652
19.63	-0.0320837
19.64	-0.0376902
19.65	-0.0461716
19.66	-0.0218682
19.67	-0.0395656
19.68	-0.0201493
19.69	-0.018119
19.7	-0.0253839
19.71	0.000738865
19.72	-0.0205567
19.73	-0.00658174
19.74	-0.000289864
19.75	0.00818789
19.76	0.0561998
19.77	0.0642313
19.78	0.0976502
19.79	0.0990105
19.8	0.0711624
19.81	0.0470271
19.82	-0.0264573
19.83	-0.0553468
19.84	-0.0949117
19.85	-0.116594
19.86	-0.109458
19.87	-0.140459
19.88	-0.137895
19.89	-0.129426
19.9	0.0646534
19.91	0.565426
19.92	0.999817
19.93	0.90908
19.94	0.455922
19.95	0.121035
19.96	0.00607611
19.97	-0.0522549
19.98	-0.0413486
19.99	-0.0484294
20	-0.081206
20.01	-0.0838078
20.02	-0.108443
20.03	-0.0945262
20.04	-0.0982984
20.05	-0.0999644
20.06	-0.0739783
20.07	-0.0839946
20.08	-0.0516433
20.09	-0.0449268
20.1	-0.0428492
20.11	-0.00934291
20.12	-0.00345622
20.13	0.042211
20.14	0.0592265
20.15	0.0653638
20.16	0.0905443
20.17	0.0732714
20.18	0.0851283
20.19	0.0548602
20.2	0.0199976
20.21	0.0179686
20.22	-0.0156404
20.23	-0.0188646
20.24	-0.0449882
20.25	-0.0613193
20.26	-0.0442487
20.27	-0.0541008
20.28	-0.0200493
20.29	-0.00739453
20.3	-0.00237094
20.31	0.0232307
20.32	-0.000305692
20.33	0.0100259
20.34	0.00526376
20.35	-0.012645
20.36	-0.00364517
20.37	-0.027353
20.38	-0.0130968
20.39	-0.0244955
20.4	-0.0433022
20.41	-0.0340371
20.42	-0.0662074
20.43	-0.0589836
20.44	-0.059343
20.45	-0.0652874
20.46	-0.0414555
20.47	-0.0643162
20.48	-0.0525408
20.49	-0.0550858
20.5	-0.054702
20.51	-0.0185635
20.52	-0.0151516
20.53	0.0350885
20.54	0.0756664
20.55	0.0878111
20.56	0.0798799
20.57	0.0154005
20.58	-0.0134418
20.59	-0.0650678
20.6	-0.112038
20.61	-0.112965
20.62	-0.132901
20.63	-0.106412
20.64	-0.116238
20.65	-0.148956
20.66	-0.0447718
20.67	0.307281
20.68	0.850865
20.69	0.957306
20.7	0.563352
20.71	0.178464
20.72	-0.0309835
20.73	-0.0625137
20.74	-0.0728008
20.75	-0.0873439
20.76	-0.0771379
20.77	-0.10741
20.78	-0.0901756
20.79	-0.08519
20.8	-0.0891306
20.81	-0.0694381
20.82	-0.0875921
20.83	-0.0684747
20.84	-0.0693355
20.85	-0.0683358
20.86	-0.0337754
20.87	-0.0386461
20.88	-0.0106583
20.89	-0.00102059
20.9	0.0171048
20.91	0.0637768
20.92	0.0594526
20.93	0.0856957
20.94	0.0745433
20.95	0.0451307
20.96	0.0377389
20.97	-0.00136051
20.98	-0.00127738
20.99	-0.0266201
21	-0.0514439
21.01	-0.0391568
21.02	-0.0569389
21.03	-0.0354986
21.04	-0.0412791
21.05	-0.0482262
21.06	-0.0227225
21.07	-0.0315718
21.08	-0.00676262
21.09	-0.0128722
21.1	-0.0215093
21.11	-0.00556121
21.12	-0.0360106
21.13	-0.0248713
21.14	-0.0314156
21.15	-0.0391602
21.16	-0.0233983
21.17	-0.0554423
21.18	-0.0521523
21.19	-0.0543759
21.2	-0.0604705
21.21	-0.0507608
21.22	-0.0692854
21.23	-0.0499745
21.24	-0.0557921
21.25	-0.0618867
21.26	-0.0280335
21.27	-0.0257176
21.28	0.018033
21.29	0.0463558
21.3	0.0678524
21.31	0.0845732
21.32	0.0364408
21.33	0.00723675
21.34	-0.0501754
21.35	-0.0929814
21.36	-0.0890289
21.37	-0.114738
21.38	-0.11274
21.39	-0.129076
21.4	-0.145329
21.41	-0.0927947
21.42	0.159483
21.43	0.710981
21.44	1.00498
21.45	0.703431
21.46	0.262696
21.47	-0.0120932
21.48	-0.0662361
21.49	-0.0892748
21.5	-0.107415
21.51	-0.0914148
21.52	-0.109831
21.53	-0.0955405
21.54	-0.0943871
21.55	-0.0870053
21.56	-0.0567538
21.57	-0.0815219
21.58	-0.0681522
21.59	-0.0694808
21.6	-0.0642413
21.61	-0.0399064
21.62	-0.0494377
21.63	-0.0111229
21.64	0.00499297
21.65	0.0140463
21.66	0.0548079
21.67	0.0545137
21.68	0.0848213
21.69	0.0772426
21.7	0.0513266
21.71	0.0506119
21.72	0.0113193
21.73	0.00126993
21.74	-0.0236878
21.75	-0.0374238
21.76	-0.0280587
21.77	-0.058225
21.78	-0.0523941
21.79	-0.0573339
21.8	-0.0514502
21.81	-0.0247832
21.82	-0.0483847
21.83	-0.0289343
21.84	-0.0246684
21.85	-0.0340316
21.86	-0.0187107
21.87	-0.0391479
21.88	-0.0270794
21.89	-0.0418786
21.9	-0.0615677
21.91	-0.0494736
21.92	-0.0635344
21.93	-0.0388773
21.94	-0.053768
21.95	-0.0697367
21.96	-0.0503252
21.97	-0.0694615
21.98	-0.0558996
21.99	-0.0666472
22	-0.0685584
22.01	-0.0420107
22.02	-0.0500124
22.03	-0.00792401
22.04	0.0199781
22.05	0.048278
22.06	0.0889795
22.07	0.0648312
22.08	0.0490672
22.09	-0.00441064
22.1	-0.0567088
22.11	-0.0773615
22.12	-0.11604
22.13	-0.11012
22.14	-0.11456
22.15	-0.126209
22.16	-0.13507
22.17	-0.0917658
22.18	0.254344
22.19	0.789717
22.2	0.991111
22.21	0.651058
22.22	0.185625
22.23	-0.0242161
22.24	-0.0839822
22.25	-0.099342
22.26	-0.0856744
22.27	-0.114536
22.28	-0.0997443
22.29	-0.102511
22.3	-0.112465
22.31	-0.0889467
22.32	-0.0981142
22.33	-0.0721319
22.34	-0.0760306
22.35	-0.0872728
22.36	-0.0612537
22.37	-0.0707876
22.38	-0.0405258
22.39	-0.0282898
22.4	-0.0146372
22.41	0.0334564
22.42	0.0425006
22.43	0.0691716
22.44	0.0666128
22.45	0.0601025
22.46	0.0709182
22.47	0.0345074
22.48	0.0315235
22.49	0.00715069
22.5	-0.0211432
22.51	-0.0159482
22.52	-0.0468333
22.53	-0.037055
22.54	-0.0471951
22.55	-0.053808
22.56	-0.0284571
22.57	-0.0451947
22.58	-0.0197839
22.59	-0.0170335
22.6	-0.0344523
22.61	-0.0295725
22.62	-0.0511213
22.63	-0.0284626
22.64	-0.0356803
22.65	-0.0472798
22.66	-0.0370448
22.67	-0.0576128
22.68	-0.0418183
22.69	-0.0604249
22.7	-0.0787014
22.71	-0.0535708
22.72	-0.0692577
22.73	-0.0574813
22.74	-0.0638861
22.75	-0.0731088
22.76	-0.0511995
22.77	-0.0521882
22.78	-0.0116794
22.79	0.00744766
22.8	0.0397795
22.81	0.0870229
22.82	0.0559276
22.83	0.0336441
22.84	-0.0153248
22.85	-0.0645979
22.86	-0.0816256
22.87	-0.118555
22.88	-0.0976939
22.89	-0.0980313
22.9	-0.121541
22.91	-0.138582
22.92	-0.106953
22.93	0.228483
22.94	0.765259
22.95	0.979963
22.96	0.66101
22.97	0.197318
22.98	-0.0241602
22.99	-0.0958102
23	-0.112846
23.01	-0.0970064
23.02	-0.117342
23.03	-0.0916999
23.04	-0.0895805
23.05	-0.104219
23.06	-0.09217
23.07	-0.102864
23.08	-0.0724799
23.09	-0.0751075
23.1	-0.0781206
23.11	-0.0519421
23.12	-0.067037
23.13	-0.0426071
23.14	-0.0333478
23.15	-0.0213248
23.16	0.0194398
23.17	0.0282174
23.18	0.0755882
23.19	0.0744085
23.2	0.0596604
23.21	0.0681295
23.22	0.0323074
23.23	0.0301579
23.24	0.00307278
23.25	-0.0237117
23.26	-0.0184326
23.27	-0.0451365
23.28	-0.0342674
23.29	-0.0425783
23.3	-0.0526093
23.31	-0.0330767
23.32	-0.0462581
23.33	-0.0217401
23.34	-0.0289758
23.35	-0.0350092
23.36	-0.0130884
23.37	-0.0397911
23.38	-0.0317986
23.39	-0.0399796
23.4	-0.0500266
23.41	-0.0391076
23.42	-0.0620514
23.43	-0.0420995
23.44	-0.0457446
23.45	-0.0585343
23.46	-0.0477378
23.47	-0.0705157
23.48	-0.0599269
23.49	-0.0653116
23.5	-0.0739291
23.51	-0.0512185
23.52	-0.0559823
23.53	-0.0184014
23.54	0.000756929
23.55	0.0252686
23.56	0.0772289
23.57	0.0705733
23.58	0.0631375
23.59	0.0156766
23.6	-0.0350145
23.61	-0.055207
23.62	-0.0959595
23.63	-0.0868941
23.64	-0.101193
23.65	-0.118547
23.66	-0.121103
23.67	-0.154523
23.68	0.0180543
23.69	0.465071
23.7	0.940994
23.71	0.895898
23.72	0.419231
23.73	0.0721203
23.74	-0.0811137
23.75	-0.111392
23.76	-0.0859133
23.77	-0.113625
23.78	-0.101499
23.79	-0.103589
23.8	-0.108328
23.81	-0.0888133
23.82	-0.104464
23.83	-0.0838915
23.84	-0.0911013
23.85	-0.0909572
23.86	-0.06722
23.87	-0.0723798
23.88	-0.0396243
23.89	-0.0402288
23.9	-0.0348079
23.91	0.0052615
23.92	0.0105769
23.93	0.0485429
23.94	0.0587976
23.95	0.0650881
23.96	0.0905691
23.97	0.0532826
23.98	0.0391762
23.99	0.0124199
24	-0.0141731
24.01	-0.0172197
24.02	-0.0532659
24.03	-0.0367637
24.04	-0.0328487
24.05	-0.0341305
24.06	-0.0148236
24.07	-0.0430921
24.08	-0.0359192
24.09	-0.0404046
24.1	-0.0337593
24.11	-0.0181643
24.12	-0.0450128
24.13	-0.0186635
24.14	-0.0295108
24.15	-0.0508346
24.16	-0.0426389
24.17	-0.0658981
24.18	-0.0478895
24.19	-0.0506681
24.2	-0.0583932
24.21	-0.0455674
24.22	-0.0664382
24.23	-0.0601805
24.24	-0.0655712
24.25	-0.0500397
24.26	-0.00747857
24.27	0.00653136
24.28	0.0631495
24.29	0.0848054
24.3	0.0707441
24.31	0.0481677
24.32	-0.0202358
24.33	-0.0471937
24.34	-0.0807611
24.35	-0.102838
24.36	-0.0932723
24.37	-0.123423
24.38	-0.11732
24.39	-0.147652
24.4	-0.133436
24.41	0.136159
24.42	0.640582
24.43	1.01257
24.44	0.76116
24.45	0.282846
24.46	0.00752367
24.47	-0.103158
24.48	-0.102237
24.49	-0.0987154
24.5	-0.0961511
24.51	-0.0879871
24.52	-0.116647
24.53	-0.0995427
24.54	-0.101091
24.55	-0.0989266
24.56	-0.0736304
24.57	-0.0805097
24.58	-0.0578352
24.59	-0.0660587
24.6	-0.0718726
24.61	-0.0405147
24.62	-0.0435298
24.63	-0.0165156
24.64	0.0012814
24.65	0.0252269
24.66	0.0674664
24.67	0.0557294
24.68	0.0707794
24.69	0.0573674
24.7	0.0334115
24.71	0.031069
24.72	-0.0129877
24.73	-0.00942587
24.74	-0.0276598
24.75	-0.0465456
24.76	-0.0357685
24.77	-0.0551688
24.78	-0.0448173
24.79	-0.0528617
24.8	-0.0531764
24.81	-0.0232541
24.82	-0.0401567
24.83	-0.0235079
24.84	-0.0283185
24.85	-0.0390358
24.86	-0.0328908
24.87	-0.0600882
24.88	-0.044335
24.89	-0.0523841
24.9	-0.0594461
24.91	-0.0385542
24.92	-0.0622279
24.93	-0.0529125
24.94	-0.065282
24.95	-0.0769237
24.96	-0.0581782
24.97	-0.0747728
24.98	-0.0427276
24.99	-0.0217712
25	-0.000637656
25.01	0.0501603
25.02	0.0609615
25.03	0.0775438
25.04	0.0403809
25.05	-0.00108791
25.06	-0.0292365
25.07	-0.0911767
25.08	-0.0861197
25.09	-0.0950705
25.1	-0.108107
25.11	-0.101656
25.12	-0.148796
25.13	-0.131963
25.14	0.0803669
25.15	0.578234
25.16	0.995379
25.17	0.794546
25.18	0.346905
25.19	0.0178927
25.2	-0.103229
25.21	-0.106192
25.22	-0.127177
25.23	-0.107167
25.24	-0.110313
25.25	-0.106792
25.26	-0.0926316
25.27	-0.120156
25.28	-0.0969564
25.29	-0.0939232
25.3	-0.0891784
25.31	-0.0562478
25.32	-0.0657732
25.33	-0.0459741
25.34	-0.0558785
25.35	-0.0543626
25.36	-0.0192986
25.37	-0.00912122
25.38	0.0372041
25.39	0.0484065
25.4	0.0581312
25.41	0.0790403
25.42	0.0449065
25.43	0.0442262
25.44	0.0226779
25.45	0.00373047
25.46	0.00518932
25.47	-0.0386672
25.48	-0.0350001
25.49	-0.0438113
25.5	-0.050945
25.51	-0.0340269
25.52	-0.0534245
25.53	-0.0300176
25.54	-0.0314658
25.55	-0.0469529
25.56	-0.036043
25.57	-0.0603175
25.58	-0.0454234
25.59	-0.0561873
25.6	-0.0568565
25.61	-0.0354905
25.62	-0.0570013
25.63	-0.0490324
25.64	-0.0605472
25.65	-0.0642181
25.66	-0.0502968
25.67	-0.0735486
25.68	-0.0542022
25.69	-0.0492048
25.7	-0.0351994
25.71	-0.000332728
25.72	0.00884246
25.73	0.0562294
25.74	0.0627645
25.75	0.0474846
25.76	0.0284314
25.77	-0.0386626
25.78	-0.065792
25.79	-0.0991951
25.8	-0.111467
25.81	-0.101871
25.82	-0.127459
25.83	-0.118347
25.84	-0.14836
25.85	-0.0609508
25.86	0.341364
25.87	0.849623
25.88	0.950703
25.89	0.533033
25.9	0.123669
25.91	-0.0506301
25.92	-0.119891
25.93	-0.107434
25.94	-0.110156
25.95	-0.0793942
25.96	-0.0734653
25.97	-0.11137
25.98	-0.100403
25.99	-0.110101
26	-0.0955292
26.01	-0.0808743
26.02	-0.0964975
26.03	-0.0658499
26.04	-0.0714748
26.05	-0.0589063
26.06	-0.0324842
26.07	-0.0340555
26.08	6.52187e-05
26.09	0.00303407
26.1	0.031733
26.11	0.0600369
26.12	0.0495804
26.13	0.0697965
26.14	0.0447076
26.15	0.0255197
26.16	0.0158814
26.17	-0.0216561
26.18	-0.0244453
26.19	-0.0527218
26.2	-0.0527573
26.21	-0.0353203
26.22	-0.0475914
26.23	-0.0281636
26.24	-0.0448208
26.25	-0.046242
26.26	-0.0378227
26.27	-0.0525156
26.28	-0.0277148
26.29	-0.0449719
26.3	-0.0471983
26.31	-0.0427979
26.32	-0.0644952
26.33	-0.0471284
26.34	-0.0651924
26.35	-0.0661108
26.36	-0.0560442
26.37	-0.071475
26.38	-0.0578297
26.39	-0.0756347
26.4	-0.0482734
26.41	-0.00139149
26.42	-0.00145914
26.43	0.0437831
26.44	0.0663387
26.45	0.0691341
26.46	0.0408556
26.47	-0.0278191
26.48	-0.0485143
26.49	-0.0901724
26.5	-0.103104
26.51	-0.108496
26.52	-0.130909
26.53	-0.114886
26.54	-0.154568
26.55	-0.157296
26.56	0.0609489
26.57	0.548074
26.58	0.991815
26.59	0.817251
26.6	0.34799
26.61	0.0345204
26.62	-0.100179
26.63	-0.111758
26.64	-0.130931
26.65	-0.119409
26.66	-0.107291
26.67	-0.133017
26.68	-0.110156
26.69	-0.120557
26.7	-0.111866
26.71	-0.0918957
26.72	-0.10553
26.73	-0.082002
26.74	-0.0783346
26.75	-0.0618083
26.76	-0.0525269
26.77	-0.056579
26.78	-0.014414
26.79	-0.00303598
26.8	0.0281857
26.81	0.0603258
26.82	0.0639978
26.83	0.0865353
26.84	0.0547301
26.85	0.042055
26.86	0.0297295
26.87	-0.0125431
26.88	-0.0113852
26.89	-0.0399706
26.9	-0.0450524
26.91	-0.0363843
26.92	-0.0485289
26.93	-0.0185656
26.94	-0.0361477
26.95	-0.034892
26.96	-0.0170265
26.97	-0.0294338
26.98	-0.0152179
26.99	-0.0413894
27	-0.0372232
27.01	-0.0157804
27.02	-0.0412316
27.03	-0.0389557
27.04	-0.0603636
27.05	-0.0583577
27.06	-0.0465246
27.07	-0.0690715
27.08	-0.0479679
27.09	-0.0574231
27.1	-0.0566317
27.11	-0.0378767
27.12	-0.029851
27.13	0.0154009
27.14	0.0358488
27.15	0.073276
27.16	0.0979735
27.17	0.0634723
27.18	0.0467216
27.19	-0.0127703
27.2	-0.0566604
27.21	-0.0770661
27.22	-0.112862
27.23	-0.101274
27.24	-0.111626
27.25	-0.120252
27.26	-0.140082
27.27	-0.0743619
27.28	0.312129
27.29	0.836728
27.3	0.975596
27.31	0.591391
27.32	0.153013
27.33	-0.0262101
27.34	-0.0977939
27.35	-0.104393
27.36	-0.0968146
27.37	-0.112699
27.38	-0.0945318
27.39	-0.11014
27.4	-0.105567
27.41	-0.0874804
27.42	-0.0871071
27.43	-0.0678893
27.44	-0.0889199
27.45	-0.0766448
27.46	-0.0480294
27.47	-0.0623182
27.48	-0.0324003
27.49	-0.0212425
27.5	0.00243431
27.51	0.0284671
27.52	0.0284459
27.53	0.0680616
27.54	0.0597716
27.55	0.0633708
27.56	0.0655133
27.57	0.0316189
27.58	0.0200396
27.59	-0.0244708
27.6	-0.0360012
27.61	-0.0382598
27.62	-0.067252
27.63	-0.0408128
27.64	-0.0454785
27.65	-0.0313757
27.66	-0.0150298
27.67	-0.0452434
27.68	-0.0337723
27.69	-0.0482155
27.7	-0.0371401
27.71	-0.0312604
27.72	-0.0535429
27.73	-0.0267862
27.74	-0.047483
27.75	-0.0603455
27.76	-0.0582109
27.77	-0.0770259
27.78	-0.0596898
27.79	-0.0722342
27.8	-0.0740838
27.81	-0.0646619
27.82	-0.0769215
27.83	-0.0414099
27.84	-0.0232021
27.85	0.00251199
27.86	0.0243144
27.87	0.0294594
27.88	0.0591805
27.89	0.0313889
27.9	0.0115863
27.91	-0.0138452
27.92	-0.078677
27.93	-0.0836327
27.94	-0.113505
27.95	-0.114278
27.96	-0.104862
27.97	-0.131753
27.98	-0.141301
27.99	-0.0757278
28	0.30204
28.01	0.862958
28.02	0.974988
28.03	0.596117
28.04	0.167531
28.05	-0.0316449
28.06	-0.0856396
28.07	-0.116701
28.08	-0.0896422
28.09	-0.105396
28.1	-0.111133
28.11	-0.104351
28.12	-0.106616
28.13	-0.0709447
28.14	-0.0959863
28.15	-0.0958525
28.16	-0.0705522
28.17	-0.0778619
28.18	-0.059771
28.19	-0.0644032
28.2	-0.0385487
28.21	-0.012714
28.22	-0.0166982
28.23	0.0248187
28.24	0.0361062
28.25	0.0633652
28.26	0.0831335
28.27	0.0543815
28.28	0.0568422
28.29	0.023944
28.3	0.00512741
28.31	-0.00669475
28.32	-0.0440062
28.33	-0.0283428
28.34	-0.044727
28.35	-0.0535849
28.36	-0.0459605
28.37	-0.0526675
28.38	-0.0354296
28.39	-0.0480184
28.4	-0.0304803
28.41	-0.0205842
28.42	-0.0494198
28.43	-0.0347259
28.44	-0.0461851
28.45	-0.0378579
28.46	-0.0391272
28.47	-0.0680963
28.48	-0.048375
28.49	-0.0626295
28.5	-0.0632139
28.51	-0.0585473
28.52	-0.0511766
28.53	0.00410229
28.54	0.00226336
28.55	0.0243955
28.56	0.0579163
28.57	0.0318261
28.58	0.0154498
28.59	-0.0318698
28.6	-0.0494291
28.61	-0.0655145
28.62	-0.106123
28.63	-0.0978839
28.64	-0.114766
28.65	-0.117708
28.66	-0.13405
28.67	-0.15148
28.68	0.0758971
28.69	0.567614
28.7	1.0019
28.71	0.841136
28.72	0.35134
28.73	0.040652
28.74	-0.100342
28.75	-0.115121
28.76	-0.102155
28.77	-0.120467
28.78	-0.102262
28.79	-0.114104
28.8	-0.102424
28.81	-0.0949677
28.82	-0.121459
28.83	-0.0990027
28.84	-0.101256
28.85	-0.0896398
28.86	-0.0799539
28.87	-0.0903809
28.88	-0.0637506
28.89	-0.0605107
28.9	-0.036051
28.91	-0.0125344
28.92	-0.0132035
28.93	0.0290568
28.94	0.0336734
28.95	0.0444116
28.96	0.0446976
28.97	0.0167475
28.98	0.0145829
28.99	-0.0270029
29	-0.0403463
29.01	-0.0449964
29.02	-0.0619136
29.03	-0.0388271
29.04	-0.0565102
29.05	-0.0584361
29.06	-0.0471215
29.07	-0.0538305
29.08	-0.0354174
29.09	-0.0570002
29.1	-0.0456723
29.11	-0.0346936
29.12	-0.0567927
29.13	-0.0426566
29.14	-0.0655454
29.15	-0.0671304
29.16	-0.0589773
29.17	-0.0650741
29.18	-0.0167281
29.19	-0.00932213
29.2	0.00487479
29.21	0.0243494
29.22	0.0320068
29.23	0.0596291
29.24	0.0203518
29.25	-0.0084361
29.26	-0.0401682
29.27	-0.100493
29.28	-0.106277
29.29	-0.129912
29.3	-0.12643
29.31	-0.114336
29.32	-0.13598
29.33	-0.139707
29.34	-0.0224175
29.35	0.437939
29.36	0.948574
29.37	0.889352
29.38	0.456177
29.39	0.0779831
29.4	-0.0580313
29.41	-0.0881848
29.42	-0.118078
29.43	-0.105548
29.44	-0.123501
29.45	-0.111076
29.46	-0.0985211
29.47	-0.116835
29.48	-0.0932294
29.49	-0.106775
29.5	-0.0961829
29.51	-0.0781722
29.52	-0.0905503
29.53	-0.0612373
29.54	-0.0619196
29.55	-0.0351579
29.56	-0.0148301
29.57	-0.0234277
29.58	0.0190999
29.59	0.0210895
29.6	0.0395559
29.61	0.0542864
29.62	0.033165
29.63	0.0379706
29.64	0.000847862
29.65	-0.0178831
29.66	-0.0382042
29.67	-0.0678719
29.68	-0.0502926
29.69	-0.0595965
29.7	-0.0455388
29.71	-0.0373232
29.72	-0.0514388
29.73	-0.0305059
29.74	-0.0496285
29.75	-0.0418559
29.76	-0.0337154
29.77	-0.056281
29.78	-0.0361694
29.79	-0.0498928
29.8	-0.0352736
29.81	-0.00712578
29.82	-0.00180242
29.83	0.0572169
29.84	0.0673897
29.85	0.0692316
29.86	0.0549903
29.87	-0.010682
29.88	-0.0448459
29.89	-0.099577
29.9	-0.112379
29.91	-0.113204
29.92	-0.135135
29.93	-0.11934
29.94	-0.154225
29.95	-0.161584
29.96	0.0142977
29.97	0.470414
29.98	0.967888
29.99	0.856734
30	0.397769
30.01	0.0578441
30.02	-0.0997927
30.03	-0.113186
30.04	-0.131821
30.05	-0.125059
30.06	-0.115606
30.07	-0.13076
30.08	-0.105753
30.09	-0.113521
30.1	-0.102215
30.11	-0.0909716
30.12	-0.103642
30.13	-0.083283
30.14	-0.097129
30.15	-0.0795299
30.16	-0.0570044
30.17	-0.0612465
30.18	-0.0225769
30.19	-0.0128865
